-1.496939999999999935e-04 -8.303969999999999711e-05 4.534230000000000123e-05 3.850050000000000179e-05 4.052049999999999939e-05 7.658809999999999945e-05 1.156980000000000026e-04 5.908139999999999985e-05 1.651310000000000017e-04 -9.549260000000000793e-06 -1.752579999999999947e-04 -4.965179999999999784e-05
3.311999610514999972e+02 3.312000089869599719e+02 3.311999960985399980e+02 3.311999947397599726e+02 3.311999667796999915e+02 3.311999676512999713e+02 3.311999721958999885e+02 3.311999166539000043e+02 3.311995536879999804e+02 3.311995873799999686e+02 3.311997446400000058e+02 3.311994952199999602e+02
6.623999999999999773e+02 6.623999999999999773e+02 6.623999999999999773e+02 6.623999999999999773e+02 6.623999999999999773e+02 6.623999999999999773e+02 6.623999999999999773e+02 6.623999999999999773e+02 6.623999999999999773e+02 6.623999999999999773e+02 6.623999999999999773e+02 6.623999999999999773e+02
8.349000863249000304e+02 8.349000797052999587e+02 8.348999372163999624e+02 8.348999183662999712e+02 8.348994802999999365e+02 8.348995875009999281e+02 8.348993322439999929e+02 8.348995344850000038e+02 8.348980923899999880e+02 8.348981488199999603e+02 8.348985059299999421e+02 8.348984143599999470e+02
-3.662320000000000267e-04 -4.888499999999999698e-05 6.013890000000000116e-05 9.143610000000000366e-05 -2.380930000000000123e-04 -2.115320000000000069e-04 -1.971089999999999995e-04 -1.530550000000000042e-04 -2.080260000000000008e-03 -2.265189999999999825e-03 -1.926669999999999902e-03 -2.390070000000000215e-03
3.649000123522999957e+02 3.649000873446999549e+02 3.648998844429999622e+02 3.648998861249999663e+02 3.648997929789999830e+02 3.648999442531999762e+02 3.648997000260000050e+02 3.648997883969999521e+02 3.648974758599999859e+02 3.648976164299999709e+02 3.648977210900000046e+02 3.648977194299999951e+02
7.297999999999999545e+02 7.297999999999999545e+02 7.297999999999999545e+02 7.297999999999999545e+02 7.297999999999999545e+02 7.297999999999999545e+02 7.297999999999999545e+02 7.297999999999999545e+02 7.297999999999999545e+02 7.297999999999999545e+02 7.297999999999999545e+02 7.297999999999999545e+02
9.153997824040000069e+02 9.153998829800000294e+02 9.154000398315999973e+02 9.154000026441799491e+02 9.153997833569999329e+02 9.153998270549999461e+02 9.153996513949999780e+02 9.153998764589999837e+02 9.153972522499999513e+02 9.153970258499999773e+02 9.153976070200000095e+02 9.153973318399999926e+02
-9.877700000000000651e-05 -9.245309999999999748e-05 -2.097219999999999954e-04 -2.974739999999999915e-04 -4.780990000000000044e-04 -3.545949999999999753e-04 -6.289649999999999928e-04 -3.130280000000000258e-04 -3.116659999999999830e-03 -3.094430000000000010e-03 -2.653389999999999829e-03 -2.751099999999999813e-03
3.986997419200000081e+02 3.986996093440000095e+02 3.986995424819999698e+02 3.986995702099999903e+02 3.986996713749999799e+02 3.986998041370000010e+02 3.987001283390000026e+02 3.987000041799299765e+02 3.986977453999999739e+02 3.986976394899999718e+02 3.986977465200000097e+02 3.986980047299999796e+02
7.977999999999999545e+02 7.977999999999999545e+02 7.977999999999999545e+02 7.977999999999999545e+02 7.977999999999999545e+02 7.977999999999999545e+02 7.977999999999999545e+02 7.977999999999999545e+02 7.977999999999999545e+02 7.977999999999999545e+02 7.977999999999999545e+02 7.977999999999999545e+02
9.951998148510000419e+02 9.951998555050000732e+02 9.951996659930000533e+02 9.951996126430000231e+02 9.951992284899999959e+02 9.951992485790000273e+02 9.951991610910000645e+02 9.951994273910000857e+02 9.951962452300000450e+02 9.951957498700000997e+02 9.951969828400000324e+02 9.951963110600000846e+02
-3.794909999999999755e-04 -2.969639999999999845e-04 -2.954209999999999757e-04 -3.864900000000000215e-04 -7.544529999999999813e-04 -5.078840000000000047e-04 -7.152270000000000285e-04 -2.711370000000000165e-04 -4.789469999999999665e-03 -4.847350000000000270e-03 -4.343350000000000162e-03 -5.432339999999999912e-03
4.293999529567999502e+02 4.293997353059999682e+02 4.293997463419999576e+02 4.293995969949999676e+02 4.293992835619999937e+02 4.293997794929999827e+02 4.293996965619999742e+02 4.294000954417999765e+02 4.293959398399999827e+02 4.293960703799999692e+02 4.293958215499999937e+02 4.293955160299999534e+02
8.587999999999999545e+02 8.587999999999999545e+02 8.587999999999999545e+02 8.587999999999999545e+02 8.587999999999999545e+02 8.587999999999999545e+02 8.587999999999999545e+02 8.587999999999999545e+02 8.587999999999999545e+02 8.587999999999999545e+02 8.587999999999999545e+02 8.587999999999999545e+02
1.067499180940000088e+03 1.067499483986000087e+03 1.067499493201999940e+03 1.067499414052000020e+03 1.067498912560000008e+03 1.067499124806000054e+03 1.067498935419999953e+03 1.067499738449999995e+03 1.067494024840000066e+03 1.067493773939999983e+03 1.067493420349999951e+03 1.067491836090000106e+03
-5.918860000000000180e-04 -5.365609999999999607e-04 -7.150179999999999904e-04 -7.832849999999999925e-04 -1.480909999999999995e-03 -1.129049999999999932e-03 -1.264729999999999934e-03 -3.517419999999999943e-04 -7.115920000000000405e-03 -6.600749999999999847e-03 -7.674839999999999614e-03 -9.629409999999999706e-03
4.597996419159999846e+02 4.597996272190000013e+02 4.597996020190000195e+02 4.597996043050000026e+02 4.597988867999999911e+02 4.597994039019999946e+02 4.597995202239999912e+02 4.598000207735000231e+02 4.597935191199999849e+02 4.597949932500000045e+02 4.597920968600000151e+02 4.597924855699999966e+02
9.197000000000000455e+02 9.197000000000000455e+02 9.197000000000000455e+02 9.197000000000000455e+02 9.197000000000000455e+02 9.197000000000000455e+02 9.197000000000000455e+02 9.197000000000000455e+02 9.197000000000000455e+02 9.197000000000000455e+02 9.197000000000000455e+02 9.197000000000000455e+02
1.138499034168999970e+03 1.138499194195999962e+03 1.138498937119999937e+03 1.138498912999999902e+03 1.138498258509999914e+03 1.138497903189999988e+03 1.138497841019999896e+03 1.138499121072999969e+03 1.138490203280000060e+03 1.138490686050000022e+03 1.138488110100000085e+03 1.138484494799999993e+03
-8.893720000000000358e-04 -8.025110000000000013e-04 -9.401980000000000537e-04 -9.225690000000000366e-04 -1.819050000000000007e-03 -1.987630000000000213e-03 -1.733210000000000002e-03 -7.475539999999999919e-04 -1.104879999999999925e-02 -1.043380000000000002e-02 -1.283220000000000020e-02 -1.837669999999999929e-02
4.885998249990000204e+02 4.885996289160000288e+02 4.885993758120000052e+02 4.885994211230000133e+02 4.885983135000000175e+02 4.885977943200000482e+02 4.885984807100000467e+02 4.885991566910000188e+02 4.885916878600000359e+02 4.885920348800000284e+02 4.885896158000000469e+02 4.885861138000000210e+02
9.771000000000000227e+02 9.771000000000000227e+02 9.771000000000000227e+02 9.771000000000000227e+02 9.771000000000000227e+02 9.771000000000000227e+02 9.771000000000000227e+02 9.771000000000000227e+02 9.771000000000000227e+02 9.771000000000000227e+02 9.771000000000000227e+02 9.771000000000000227e+02
1.205398888300000181e+03 1.205398736869999993e+03 1.205398463400000082e+03 1.205398327719999997e+03 1.205397499580000158e+03 1.205395088110000188e+03 1.205395862260000058e+03 1.205396979190000138e+03 1.205385846000000129e+03 1.205383436700000175e+03 1.205379015200000140e+03 1.205368111500000168e+03
-1.159560000000000018e-03 -2.426139999999999807e-03 -2.731840000000000136e-03 -3.067830000000000123e-03 -3.947779999999999692e-03 -7.462350000000000406e-03 -6.475680000000000151e-03 -5.427340000000000116e-03 -1.714480000000000171e-02 -2.032520000000000160e-02 -2.329190000000000080e-02 -3.278500000000000164e-02
5.206000754023999662e+02 5.205990952289999996e+02 5.205992876850000357e+02 5.205987793799999963e+02 5.205947232299999996e+02 5.205907753300000422e+02 5.205912379700000656e+02 5.205918796600000178e+02 5.205850259999999707e+02 5.205685587000000396e+02 5.205857439999999769e+02 5.205788221000000249e+02
1.041299999999999955e+03 1.041299999999999955e+03 1.041299999999999955e+03 1.041299999999999955e+03 1.041299999999999955e+03 1.041299999999999955e+03 1.041299999999999955e+03 1.041299999999999955e+03 1.041299999999999955e+03 1.041299999999999955e+03 1.041299999999999955e+03 1.041299999999999955e+03
1.279799045124000031e+03 1.279796855670000014e+03 1.279797557070000039e+03 1.279796057119999887e+03 1.279796890209999901e+03 1.279782807000000048e+03 1.279784901399999853e+03 1.279781294799999841e+03 1.279762648499999841e+03 1.279755791199999976e+03 1.279763113699999849e+03 1.279713073299999905e+03
-8.829750000000000359e-04 -4.669959999999999910e-03 -3.815139999999999851e-03 -6.407780000000000073e-03 -3.963900000000000236e-03 -2.780320000000000014e-02 -2.478589999999999960e-02 -3.626889999999999975e-02 -4.506079999999999808e-02 -6.111649999999999722e-02 -4.108570000000000277e-02 -1.081430000000000030e-01
5.486991720490000262e+02 5.486945139300000847e+02 5.486955285300000469e+02 5.486923532100000784e+02 5.486938211400000682e+02 5.486728035000001000e+02 5.486709708000000774e+02 5.486573627000000215e+02 5.486695167999999967e+02 5.486524165000000721e+02 5.486739201000000321e+02 5.486442265000000589e+02
1.097400000000000091e+03 1.097400000000000091e+03 1.097400000000000091e+03 1.097400000000000091e+03 1.097400000000000091e+03 1.097400000000000091e+03 1.097400000000000091e+03 1.097400000000000091e+03 1.097400000000000091e+03 1.097400000000000091e+03 1.097400000000000091e+03 1.097400000000000091e+03
1.349898279380000076e+03 1.349888555400000087e+03 1.349889409800000067e+03 1.349884627099999989e+03 1.349890659400000004e+03 1.349845135100000107e+03 1.349843471200000067e+03 1.349818547900000112e+03 1.349822081700000126e+03 1.349777723000000151e+03 1.349822212400000126e+03 1.349738593000000037e+03
-1.724269999999999969e-03 -1.503870000000000033e-02 -1.365880000000000045e-02 -1.925270000000000106e-02 -1.353940000000000005e-02 -7.329660000000000342e-02 -6.269410000000000260e-02 -9.638109999999999733e-02 -7.258639999999999537e-02 -1.180930000000000035e-01 -7.875260000000000593e-02 -1.266940000000000011e-01
5.560989722799999981e+02 5.560852638000000070e+02 5.560872910000000502e+02 5.560793873999999732e+02 5.560910592100000258e+02 5.560376816000000417e+02 5.560573117000000138e+02 5.560269935999999689e+02 5.560710317000000487e+02 5.560594332000000577e+02 5.560637201000000687e+02 5.560532043000000613e+02
1.112099999999999909e+03 1.112099999999999909e+03 1.112099999999999909e+03 1.112099999999999909e+03 1.112099999999999909e+03 1.112099999999999909e+03 1.112099999999999909e+03 1.112099999999999909e+03 1.112099999999999909e+03 1.112099999999999909e+03 1.112099999999999909e+03 1.112099999999999909e+03
1.366397588690000021e+03 1.366376819600000090e+03 1.366348890900000015e+03 1.366350426200000129e+03 1.366381977200000165e+03 1.366287825999999995e+03 1.345906800000000203e+03 1.366275166000000127e+03 1.366309328499999992e+03 1.366241940000000113e+03 1.366244384000000082e+03 1.366253294000000096e+03
-1.996679999999999809e-03 -2.410380000000000161e-02 -1.840429999999999844e-02 -4.870469999999999661e-02 -1.506249999999999950e-02 -1.165009999999999935e-01 -7.067619999999999458e-02 -1.288259999999999961e-01 -7.268259999999999998e-02 -1.246249999999999997e-01 -1.217020000000000046e-01 -1.159319999999999934e-01
5.633984974100000045e+02 5.633809431999999333e+02 5.633902536199999531e+02 5.633621240999999600e+02 5.633897355999999945e+02 5.633245792999999821e+02 5.633696254000000181e+02 5.633163362999999890e+02 5.633763682999999673e+02 5.633586399999999230e+02 5.633538247000000183e+02 5.633408283999999639e+02
1.126799999999999955e+03 1.126799999999999955e+03 1.126799999999999955e+03 1.126799999999999955e+03 1.126799999999999955e+03 1.126799999999999955e+03 1.126799999999999955e+03 1.126799999999999955e+03 1.126799999999999955e+03 1.126799999999999955e+03 1.126799999999999955e+03 1.126799999999999955e+03
1.382997429839999995e+03 1.382982244199999968e+03 1.382988971499999934e+03 1.382949564999999893e+03 1.382991215499999953e+03 1.382899447999999893e+03 1.382952216700000008e+03 1.382858969999999999e+03 1.382932922899999994e+03 1.382881908999999951e+03 1.382880951999999979e+03 1.382875682999999981e+03
-2.290669999999999859e-03 -9.726900000000000129e-03 -5.447740000000000395e-03 -3.370039999999999841e-02 -6.526589999999999649e-03 -5.476820000000000299e-02 -2.911740000000000161e-02 -1.008160000000000028e-01 -4.711719999999999797e-02 -7.293639999999999846e-02 -7.475070000000000325e-02 -8.850669999999999371e-02
5.727987852899999552e+02 5.727964949699999124e+02 5.727977719799999932e+02 5.727949953899999400e+02 5.727977884199999608e+02 5.727823856999999634e+02 5.727904205899999397e+02 5.727572983999999678e+02 5.727849662999999509e+02 5.727857214999999087e+02 5.727790815999999268e+02 5.727728877999999213e+02
1.145599999999999909e+03 1.145599999999999909e+03 1.145599999999999909e+03 1.145599999999999909e+03 1.145599999999999909e+03 1.145599999999999909e+03 1.145599999999999909e+03 1.145599999999999909e+03 1.145599999999999909e+03 1.145599999999999909e+03 1.145599999999999909e+03 1.145599999999999909e+03
1.403898762320000060e+03 1.403898609350000015e+03 1.403893044970000119e+03 1.403892097290000038e+03 1.403900511359000120e+03 1.403894204990000162e+03 1.403858603900000162e+03 1.403728087000000187e+03 1.403880205200000091e+03 1.403871321200000011e+03 1.403860231200000044e+03 1.403803383900000199e+03
1.867149999999999930e-03 1.044240000000000099e-03 -5.524519999999999778e-03 -3.953709999999999863e-02 3.956160000000000232e-03 8.209019999999999815e-04 -1.145949999999999920e-02 -1.060220000000000056e+02 -6.551750000000000282e-03 -4.290050000000000113e-03 -1.959790000000000143e-02 -3.893259999999999776e-02
5.825004518079999798e+02 5.824999260468999864e+02 5.824999032204000287e+02 5.824996956730000193e+02 5.825004906379999738e+02 5.825005964499999891e+02 5.825009383159999743e+02 5.825012040000000297e+02 5.824995762510000077e+02 5.824995720900000151e+02 5.824973128100000395e+02 5.824770833999999695e+02
1.164900000000000091e+03 1.164900000000000091e+03 1.164900000000000091e+03 1.164900000000000091e+03 1.164900000000000091e+03 1.164900000000000091e+03 1.164900000000000091e+03 1.164900000000000091e+03 1.164900000000000091e+03 1.164900000000000091e+03 1.164900000000000091e+03 1.164900000000000091e+03
1.425601203759999862e+03 1.425600553682999816e+03 1.425600734874999944e+03 1.425597551329999988e+03 1.425602677129999847e+03 1.425601386059999868e+03 1.425601488829999880e+03 1.425578990299999987e+03 1.425599504019999813e+03 1.425593848079999816e+03 1.425466067999999950e+03 1.425532683199999838e+03
9.584409999999999805e-04 7.150849999999999611e-04 3.813809999999999943e-03 8.132150000000000533e-04 1.120930000000000017e-03 1.082559999999999989e-03 -4.902150000000000084e-04 4.097749999999999559e+00 -7.435080000000000378e-04 2.217400000000000013e-04 -1.129079999999999945e-01 4.040720000000000249e-03
5.918008633689998987e+02 5.918005318839999518e+02 5.918007249289998981e+02 5.918002095959999451e+02 5.917998293690000082e+02 5.917998974799999132e+02 5.917996196369999780e+02 5.917977556199999754e+02 5.917989680599999929e+02 5.918015994200000023e+02 5.918017630199999530e+02 5.917866352999999435e+02
1.183700000000000045e+03 1.183700000000000045e+03 1.183700000000000045e+03 1.183700000000000045e+03 1.183700000000000045e+03 1.183700000000000045e+03 1.183700000000000045e+03 1.183700000000000045e+03 1.183700000000000045e+03 1.183700000000000045e+03 1.183700000000000045e+03 1.183700000000000045e+03
1.446501060170000073e+03 1.446500892567999927e+03 1.446505287140000064e+03 1.446501088660000050e+03 1.446501735779999990e+03 1.446501366080000025e+03 1.446500333749999982e+03 1.446500484603999894e+03 1.446495874120000053e+03 1.446482426300000043e+03 1.446404931000000033e+03 1.446506327370000008e+03
2.698120000000000032e-03 1.982310000000000148e-03 7.190729999999999345e-02 1.078559999999999935e-02 1.366690000000000049e-03 4.729610000000000411e-03 6.237720000000000417e-03 1.208649999999999915e-03 -7.613669999999999900e-04 3.780640000000000042e-03 9.971169999999999686e-03 5.035509999999999986e-03
6.012000198149000880e+02 6.011994044790000089e+02 6.012000253346000136e+02 6.011998630400000820e+02 6.011977432800000543e+02 6.011987067200000183e+02 6.011909735500000806e+02 6.011862778000000844e+02 6.011901465200000985e+02 6.011796824000000470e+02 6.011758108000000220e+02 6.011780553000000964e+02
1.202400000000000091e+03 1.202400000000000091e+03 1.202400000000000091e+03 1.202400000000000091e+03 1.202400000000000091e+03 1.202400000000000091e+03 1.202400000000000091e+03 1.202400000000000091e+03 1.202400000000000091e+03 1.202400000000000091e+03 1.202400000000000091e+03 1.202400000000000091e+03
1.467299922630099900e+03 1.467298066119999930e+03 1.467296206569999867e+03 1.467228151799999978e+03 1.467295457609999858e+03 1.467291489779999893e+03 1.467242696999999907e+03 1.467203238899999860e+03 1.467272922800000060e+03 1.467207008800000040e+03 1.467179588999999851e+03 1.467229067399999849e+03
-6.078810000000000029e-04 -2.597139999999999952e-03 -5.928519999999999790e+00 -7.652380000000000293e-03 -8.059180000000000857e-03 -9.205700000000000688e-03 -7.388730000000000298e-02 -6.275350000000000372e-02 -2.693840000000000123e-02 -7.400600000000000234e-02 -9.703589999999999438e-02 -5.837749999999999884e-02
6.104994340099999590e+02 6.104981356099999630e+02 6.104967212000000245e+02 6.104972873399999571e+02 6.104943592199999784e+02 6.104946678500000417e+02 6.104616727000000083e+02 6.104704867000000377e+02 6.104926077500000474e+02 6.104888227999999799e+02 6.104929419400000370e+02 6.104959297699999752e+02
1.221099999999999909e+03 1.221099999999999909e+03 1.221099999999999909e+03 1.221099999999999909e+03 1.221099999999999909e+03 1.221099999999999909e+03 1.221099999999999909e+03 1.221099999999999909e+03 1.221099999999999909e+03 1.221099999999999909e+03 1.221099999999999909e+03 1.221099999999999909e+03
1.488097545209999907e+03 1.488094074659999933e+03 1.488088915899999847e+03 1.488092090649999818e+03 1.488094570129999966e+03 1.488090543209999851e+03 1.487982182999999850e+03 1.488022672800000009e+03 1.488081900599999926e+03 1.487990292999999838e+03 1.487967171000000008e+03 1.488006582600000002e+03
-3.481390000000000005e-03 -7.172180000000000222e-03 -1.404279999999999938e-02 -8.335640000000000063e-03 -5.818959999999999758e-03 -8.206990000000000812e-03 -3.171930000000000138e+00 -7.646079999999999544e-02 -1.075850000000000070e-02 -7.363630000000000175e-02 -1.023120000000000002e-01 -7.906639999999999502e-02
6.191975705600000310e+02 6.191951424700000643e+02 6.191898025000000416e+02 6.191978510300000380e+02 6.191960920500000611e+02 6.191941794600001003e+02 6.191408610000000863e+02 6.191677508000000216e+02 6.191976325699999961e+02 6.191891785999999911e+02 6.191877693000000136e+02 6.191911907700000484e+02
1.223850000000000000e+04 1.223850000000000000e+04 1.223850000000000000e+04 1.223850000000000000e+04 1.223850000000000000e+04 1.223850000000000000e+04 1.223850000000000000e+04 1.223850000000000000e+04 1.223850000000000000e+04 1.223850000000000000e+04 1.223850000000000000e+04 1.223850000000000000e+04
1.507394656220000115e+03 1.507390180620000137e+03 1.507379018100000167e+03 1.507390275740000106e+03 1.507397002540000130e+03 1.507391342440000017e+03 1.507274452999999994e+03 1.507311513600000126e+03 1.507386204200000066e+03 1.507293788000000177e+03 1.507259641000000101e+03 1.507280282000000170e+03
-4.603799999999999906e-03 -9.440940000000000096e-03 -1.778319999999999901e-02 -7.623320000000000270e-03 -2.080999999999999951e-03 -7.895289999999999253e-03 -1.006780000000000036e-01 -7.453980000000000328e-02 -1.041270000000000043e-02 -8.550629999999999342e-02 -9.785190000000000554e-02 -8.557889999999999942e-02
6.295965828399999964e+02 6.295927401300000383e+02 6.295886917000000267e+02 6.295984871100000646e+02 6.295993100780000304e+02 6.295930944200000567e+02 6.295691683999999668e+02 6.295755373000000645e+02 6.295946205200000350e+02 6.295836438999999700e+02 6.295873311999999942e+02 6.295889696000000413e+02
1.259200000000000045e+03 1.259200000000000045e+03 1.259200000000000045e+03 1.259200000000000045e+03 1.259200000000000045e+03 1.259200000000000045e+03 1.259200000000000045e+03 1.259200000000000045e+03 1.259200000000000045e+03 1.259200000000000045e+03 1.259200000000000045e+03 1.259200000000000045e+03
1.530395248160000165e+03 1.530389876100000038e+03 1.530384905900000149e+03 1.530393856760000062e+03 1.530399250352000081e+03 1.530390386590000162e+03 1.530324727400000029e+03 1.530336212300000170e+03 1.530391014660000110e+03 1.530297940000000153e+03 1.530263100000000122e+03 1.530288105000000087e+03
-4.768869999999999706e-03 -8.096199999999999578e-03 -1.062429999999999972e-02 -3.711059999999999966e-03 3.360770000000000012e-05 -8.276759999999999326e-03 -2.465800000000000214e+00 -5.288190000000000252e-02 -6.982269999999999623e-03 -6.401149999999999896e-02 -8.723369999999999735e-02 -7.344520000000000215e-02
6.378974692099999402e+02 6.378970614699999260e+02 6.378953300700000000e+02 6.378985918999999285e+02 6.378992114420000235e+02 6.378960051299999350e+02 6.378889467999999852e+02 6.378854649999999538e+02 6.378971530399999210e+02 6.378918234799999709e+02 6.378948160200000075e+02 6.378970021999999744e+02
1.275900000000000091e+03 1.275900000000000091e+03 1.275900000000000091e+03 1.275900000000000091e+03 1.275900000000000091e+03 1.275900000000000091e+03 1.275900000000000091e+03 1.275900000000000091e+03 1.275900000000000091e+03 1.275900000000000091e+03 1.275900000000000091e+03 1.275900000000000091e+03
1.554197156279999945e+03 1.554195267909999984e+03 1.554185838900000135e+03 1.554198522690000118e+03 1.554199337101000083e+03 1.554193410220000032e+03 1.554138419200000044e+03 1.554147805100000141e+03 1.554190375330000052e+03 1.554140635700000075e+03 1.554072576000000026e+03 1.554095951000000014e+03
-1.819730000000000089e-03 -3.061449999999999848e-03 -6.782119999999999989e-03 -2.533810000000000055e-03 -9.652480000000000391e-04 -4.791959999999999623e-03 -3.268680000000000196e-02 -4.443600000000000327e-02 -8.926039999999999669e-03 -3.000039999999999998e-02 -7.988989999999999980e-02 -5.983999999999999736e-02
6.469993318949999548e+02 6.469982569899999589e+02 6.469955879499999583e+02 6.469999741566000466e+02 6.469982284400000481e+02 6.469971345200000314e+02 6.469903374299999541e+02 6.469992158830000335e+02 6.469952234500000259e+02 6.469949314000000413e+02 6.469946349900000087e+02 6.469969875900000034e+02
1.239900000000000091e+03 1.239900000000000091e+03 1.239900000000000091e+03 1.239900000000000091e+03 1.239900000000000091e+03 1.239900000000000091e+03 1.239900000000000091e+03 1.239900000000000091e+03 1.239900000000000091e+03 1.239900000000000091e+03 1.239900000000000091e+03 1.239900000000000091e+03
1.568899007061000020e+03 1.568898282960000188e+03 1.568896982330000128e+03 1.568950490700000046e+03 1.568900200174000020e+03 1.568877237400000013e+03 1.568861061600000085e+03 1.568825980000000072e+03 1.568887816100000009e+03 1.568880211300000155e+03 1.568796293000000105e+03 1.568834817600000179e+03
-1.431870000000000018e-03 -1.997259999999999834e-03 -3.323079999999999957e-03 1.934469999999999983e-03 1.649819999999999976e-03 2.640440000000000083e-04 -1.616839999999999944e-02 -5.516519999999999757e-02 -1.088189999999999991e-02 -7.626070000000000418e-03 -2.743329999999999987e-03 -3.309920000000000223e-02
6.599991323909999892e+02 6.599988533499999903e+02 6.599985173999999688e+02 6.599998583289999488e+02 6.599988964299999452e+02 6.600004127720000042e+02 6.599915160199999491e+02 6.599906031299999540e+02 6.600001191809999455e+02 6.600005634619999455e+02 6.599992389650000177e+02 6.599949756500000149e+02
1.320000000000000000e+03 1.320000000000000000e+03 1.320000000000000000e+03 1.320000000000000000e+03 1.320000000000000000e+03 1.320000000000000000e+03 1.320000000000000000e+03 1.320000000000000000e+03 1.320000000000000000e+03 1.320000000000000000e+03 1.320000000000000000e+03 1.320000000000000000e+03
1.602998452069999985e+03 1.602997240189999957e+03 1.602996957780000002e+03 1.602991420589999962e+03 1.602999362567999924e+03 1.602998505840000007e+03 1.602963214899999912e+03 1.602960765199999969e+03 1.602995893920000071e+03 1.602983600699999897e+03 1.602912704300000087e+03 1.602930763099999922e+03
-1.177829999999999936e-03 -2.655680000000000106e-03 -2.824559999999999831e-03 -6.216209999999999791e-03 -6.882439999999999652e-04 -2.122419999999999862e-03 -3.801929999999999893e-02 -3.869489999999999735e-02 -2.431719999999999954e-04 -9.122470000000000578e-03 -7.358169999999999988e-02 -4.764720000000000066e-02
6.600000850650000075e+02 6.599984321499999851e+02 6.599992671080000264e+02 6.599969389200000478e+02 6.599979324900000393e+02 6.599981642100000272e+02 6.599866719999999987e+02 6.599849613000000090e+02 6.599967630200000031e+02 6.599984974699999611e+02 6.599938923299999942e+02 6.599894136000000344e+02
1.320000000000000000e+03 1.320000000000000000e+03 1.320000000000000000e+03 1.320000000000000000e+03 1.320000000000000000e+03 1.320000000000000000e+03 1.320000000000000000e+03 1.320000000000000000e+03 1.320000000000000000e+03 1.320000000000000000e+03 1.320000000000000000e+03 1.320000000000000000e+03
1.602999003958000003e+03 1.602997113520000084e+03 1.602984542599999941e+03 1.602988766899999973e+03 1.602994031929999892e+03 1.602994798680000031e+03 1.602944326699999920e+03 1.602931434999999965e+03 1.602993653400000085e+03 1.602970553099999961e+03 1.602909276200000022e+03 1.602916843499999914e+03
-7.403769999999999622e-04 -2.337699999999999848e-03 -3.639359999999999904e-03 -5.970800000000000066e-03 -6.431260000000000275e-03 -6.952230000000000215e-03 -5.219990000000000047e-02 -5.464429999999999982e-02 -2.013979999999999937e-02 -2.664599999999999955e-02 -6.918489999999999363e-02 -4.966929999999999956e-02
6.599994782530000066e+02 6.599989587999999685e+02 6.599979361700000027e+02 6.599977019399999563e+02 6.599978372399999671e+02 6.599967902500000037e+02 6.599860026999999718e+02 6.599852852999999868e+02 6.599908165800000006e+02 6.599920239599999832e+02 6.599905145000000175e+02 6.599921935600000324e+02
1.320000000000000000e+03 1.320000000000000000e+03 1.320000000000000000e+03 1.320000000000000000e+03 1.320000000000000000e+03 1.320000000000000000e+03 1.320000000000000000e+03 1.320000000000000000e+03 1.320000000000000000e+03 1.320000000000000000e+03 1.320000000000000000e+03 1.320000000000000000e+03
1.602999084500999970e+03 1.602998863620000066e+03 1.602996621750000031e+03 1.602995240259999946e+03 1.602996496100000059e+03 1.602990490200000067e+03 1.602945416000000023e+03 1.602933299100000113e+03 1.602984487599999966e+03 1.602969898999999941e+03 1.602931949300000042e+03 1.602938141300000098e+03
-6.354289999999999635e-04 -4.588689999999999870e-04 -2.479540000000000129e-03 -2.586900000000000050e-03 -2.271249999999999832e-03 -1.061490000000000003e-02 -4.841639999999999833e-02 -7.417169999999999319e-02 -1.189989999999999971e-02 -1.691609999999999989e-02 -4.253200000000000036e-02 -6.024530000000000163e-02
6.599994250480000346e+02 6.600006004330000451e+02 6.599985315999999784e+02 6.599994108590000224e+02 6.599994824619999463e+02 6.599855483999999706e+02 6.599789237999999614e+02 6.599746903000000202e+02 6.599941977299999962e+02 6.599902355899999975e+02 6.599900532899999916e+02 6.599849384000000327e+02
1.320171728999999914e+03 1.320132972999999993e+03 1.320063712899999928e+03 1.320103941000000077e+03 1.319907213199999887e+03 1.319912187599999925e+03 1.320014727300000004e+03 1.320014410700000099e+03 1.319900620599999911e+03 1.319802235000000110e+03 1.319931896499999993e+03 1.319579631000000063e+03
1.603163647000000083e+03 1.603125823000000082e+03 1.603056420299999900e+03 1.603095872800000052e+03 1.602899738000000070e+03 1.602904669600000034e+03 1.603004599289999987e+03 1.603002799580000101e+03 1.602884913000000097e+03 1.602786593999999923e+03 1.602915758099999948e+03 1.602566456999999900e+03
1.642250000000000099e-01 1.254919999999999924e-01 5.630000000000000282e-02 9.565020000000000466e-02 -9.970790000000000208e-02 -9.513119999999999910e-02 4.735210000000000113e-03 3.651249999999999982e-03 -1.107960000000000056e-01 -2.080660000000000009e-01 -8.128509999999999902e-02 -4.279959999999999876e-01
6.601566370000000461e+02 6.601183180000000448e+02 6.600491306000000122e+02 6.600876892999999654e+02 6.598932989999999563e+02 6.598976480000000038e+02 6.599954991399999926e+02 6.599931311699999696e+02 6.598781729999999470e+02 6.597814620000000332e+02 6.599060107000000244e+02 6.595628689999999779e+02
1.320148271999999906e+03 1.320111239999999952e+03 1.320041699399999970e+03 1.320079823399999896e+03 1.319886271999999963e+03 1.319890554999999949e+03 1.319985788899999989e+03 1.319982256700000107e+03 1.319859136999999919e+03 1.319761760000000095e+03 1.319887854999999945e+03 1.319545802999999978e+03
1.603140349000000015e+03 1.603104129999999941e+03 1.603033916600000111e+03 1.603071785099999943e+03 1.602879895000000033e+03 1.602884029000000055e+03 1.602976380000000063e+03 1.602972567399999889e+03 1.602835352000000057e+03 1.602739372000000003e+03 1.602864939000000049e+03 1.602526376000000027e+03
1.427930000000000033e-01 1.046559999999999990e-01 3.568919999999999731e-02 7.273259999999999448e-02 -1.163499999999999951e-01 -1.140690000000000037e-01 -2.016400000000000137e-02 -2.452189999999999925e-02 -1.355550000000000088e-01 -2.295109999999999928e-01 -1.100529999999999980e-01 -4.445029999999999815e-01
6.601353709999999637e+02 6.600976599000000533e+02 6.600287656000000425e+02 6.600650398000000223e+02 6.598773469999999861e+02 6.598789739999999711e+02 6.599706234000000222e+02 6.599661105000000134e+02 6.598526229999999941e+02 6.597574839999999767e+02 6.598769330000000082e+02 6.595453250000000480e+02
1.320125968000000057e+03 1.320089107300000023e+03 1.320019693400000051e+03 1.320055278399999906e+03 1.319868956000000026e+03 1.319870732000000089e+03 1.319959514099999978e+03 1.319955719900000076e+03 1.319822871999999961e+03 1.319726987000000008e+03 1.319847854000000098e+03 1.319515370000000075e+03
1.603145999000000074e+03 1.603089682699999912e+03 1.603022611000000097e+03 1.603057350499999984e+03 1.602982998100000032e+03 1.603002185560000044e+03 1.603082794299999932e+03 1.603044204699999909e+03 1.603401386000000002e+03 1.603323525000000018e+03 1.603054945999999973e+03 1.602941125499999998e+03
1.214630000000000015e-01 8.414449999999999708e-02 1.538510000000000051e-02 5.019490000000000063e-02 -1.314009999999999900e-01 -1.318360000000000087e-01 -4.368059999999999998e-02 -5.081370000000000331e-02 -1.578400000000000081e-01 -2.482650000000000134e-01 -1.375730000000000008e-01 -4.594199999999999950e-01
6.601131460000000288e+02 6.600765175000000227e+02 6.600078674200000250e+02 6.600417879000000312e+02 6.598609969999999976e+02 6.598595920000000206e+02 6.599458482000000004e+02 6.599396040999999968e+02 6.598265709999999444e+02 6.597343309999999974e+02 6.598461350000000039e+02 6.595254139999999552e+02
1.320102622000000110e+03 1.320065487099999928e+03 1.319997481699999980e+03 1.320029534999999896e+03 1.319848713000000089e+03 1.319849013999999897e+03 1.319932894199999964e+03 1.319931114700000080e+03 1.319787227999999914e+03 1.319695020999999997e+03 1.319806747000000087e+03 1.319480911999999989e+03
1.603091208699999925e+03 1.603052977699999929e+03 1.602986265700000104e+03 1.603016255300000012e+03 1.602835338000000093e+03 1.602837526000000025e+03 1.602919579599999906e+03 1.602921204799999941e+03 1.602741522999999916e+03 1.602652426000000105e+03 1.602755057999999963e+03 1.602433101000000079e+03
9.820439999999999725e-02 6.199400000000000049e-02 -6.669119999999999736e-03 2.575150000000000008e-02 -1.492380000000000095e-01 -1.527260000000000006e-01 -7.063289999999999846e-02 -7.924730000000000663e-02 -1.857689999999999897e-01 -2.729159999999999919e-01 -1.704400000000000082e-01 -4.812839999999999896e-01
6.600855252000000064e+02 6.600503071000000546e+02 6.599816651999999522e+02 6.600127321999999594e+02 6.598390369999999621e+02 6.598339240000000245e+02 6.599132336000000123e+02 6.599075103999999783e+02 6.597892239999999902e+02 6.597025290000000268e+02 6.598031180000000404e+02 6.594922729999999547e+02
1.320070722400000022e+03 1.320034770299999991e+03 1.319967005700000072e+03 1.319996359720000100e+03 1.319819543000000067e+03 1.319816649000000098e+03 1.319894743999999946e+03 1.319896392000000105e+03 1.319736783999999943e+03 1.319655968000000030e+03 1.319744599999999991e+03 1.319424287000000049e+03
1.603058041499999945e+03 1.603022234999999910e+03 1.602954141599999957e+03 1.602983228699999927e+03 1.602803926000000047e+03 1.602800985999999966e+03 1.602877854000000070e+03 1.602882808999999952e+03 1.602671072000000095e+03 1.602600192000000106e+03 1.602691417000000001e+03 1.602350059999999985e+03
7.084820000000000007e-02 3.541090000000000210e-02 -3.357729999999999743e-02 -4.099840000000000428e-03 -1.700210000000000055e-01 -1.777100000000000068e-01 -1.029420000000000057e-01 -1.134870000000000045e-01 -2.189470000000000027e-01 -2.998290000000000122e-01 -2.103299999999999892e-01 -5.063670000000000115e-01
6.600577627000000120e+02 6.600228839000000107e+02 6.599535905000000184e+02 6.599816951000000245e+02 6.598173560000000180e+02 6.598058469999999716e+02 6.598784150000000182e+02 6.598711469999999508e+02 6.597514710000000377e+02 6.596706130000000030e+02 6.597546340000000100e+02 6.594569840000000340e+02
1.320043195799999921e+03 1.320006912179999972e+03 1.319936427500000036e+03 1.319964181999999937e+03 1.319795047999999952e+03 1.319779743999999937e+03 1.319852376000000049e+03 1.319851865000000089e+03 1.319680280000000039e+03 1.319606489999999894e+03 1.319668499999999995e+03 1.319350680000000011e+03
1.603032801099999915e+03 1.602993832059999932e+03 1.602921681699999908e+03 1.602947984599999927e+03 1.602777657999999974e+03 1.602753044000000045e+03 1.602826671999999917e+03 1.602826295000000073e+03 1.602592959000000064e+03 1.602527466999999888e+03 1.602585307000000057e+03 1.602267182999999932e+03
4.522639999999999993e-02 9.645990000000000120e-03 -5.987920000000000048e-02 -3.349200000000000094e-02 -1.893980000000000108e-01 -2.013790000000000024e-01 -1.343429999999999902e-01 -1.494000000000000050e-01 -2.483090000000000019e-01 -3.269159999999999844e-01 -2.491889999999999938e-01 -5.328249999999999931e-01
6.600324302999999873e+02 6.599960284899999579e+02 6.599263082999999597e+02 6.599509031999999706e+02 6.597970410000000356e+02 6.597792829999999640e+02 6.598438830000000053e+02 6.598302770000000237e+02 6.597179210000000467e+02 6.596360419999999749e+02 6.597069380000000365e+02 6.594116149999999834e+02
1.320020297199999959e+03 1.319977671099999952e+03 1.319906797399999959e+03 1.319927649100000053e+03 1.319775644000000057e+03 1.319735879000000068e+03 1.319802304000000049e+03 1.319790355999999974e+03 1.319609922999999981e+03 1.319544693999999936e+03 1.319584959000000026e+03 1.319256975999999895e+03
1.603008072829999946e+03 1.602953028299999914e+03 1.602884037000000035e+03 1.602895263000000114e+03 1.602792341000000079e+03 1.602717173000000003e+03 1.602785951999999952e+03 1.602760475999999926e+03 1.602560306000000082e+03 1.602570764000000054e+03 1.602434794000000011e+03 1.602069619999999986e+03
1.830180000000000001e-02 -2.041230000000000128e-02 -9.057790000000000286e-02 -6.745370000000000532e-02 -2.099449999999999927e-01 -2.266239999999999921e-01 -1.699309999999999987e-01 -1.908410000000000106e-01 -2.800560000000000271e-01 -3.577359999999999984e-01 -2.915980000000000238e-01 -5.621350000000000513e-01
6.599951309599999831e+02 6.599473821999999927e+02 6.598766120000000228e+02 6.598943510000000288e+02 6.597653430000000299e+02 6.597311150000000453e+02 6.597787849999999708e+02 6.597533449999999675e+02 6.596512569999999869e+02 6.595691090000000258e+02 6.596202289999999948e+02 6.593284220000000460e+02
1.319970207200000004e+03 1.319889059999999972e+03 1.319820386000000099e+03 1.319822946000000002e+03 1.319719172999999955e+03 1.319609427000000096e+03 1.319653182000000015e+03 1.319602374000000054e+03 1.319445899000000054e+03 1.319341143000000102e+03 1.319407500999999911e+03 1.319003339999999980e+03
1.602946585200000072e+03 1.602821844000000056e+03 1.602756405999999970e+03 1.602743040999999948e+03 1.602633855999999923e+03 1.602432254999999941e+03 1.602460119000000077e+03 1.602346937000000025e+03 1.602287137000000030e+03 1.602090126999999939e+03 1.602319827999999916e+03 1.601795630000000074e+03
-3.586550000000000155e-02 -8.716490000000000349e-02 -1.594859999999999889e-01 -1.434660000000000102e-01 -2.538779999999999926e-01 -2.839249999999999829e-01 -2.503159999999999830e-01 -2.791919999999999957e-01 -3.495989999999999931e-01 -4.463150000000000173e-01 -3.977160000000000140e-01 -6.414840000000000542e-01
6.599394256000000496e+02 6.598698570000000245e+02 6.597931869999999890e+02 6.598028789999999617e+02 6.597107320000000072e+02 6.596566410000000360e+02 6.596702109999999948e+02 6.596408269999999447e+02 6.595526650000000473e+02 6.594151419999999462e+02 6.594847150000000511e+02 6.592216300000000047e+02
1.319911001599999963e+03 1.319778279999999995e+03 1.319703848999999991e+03 1.319692371000000094e+03 1.319626121999999896e+03 1.319456470000000081e+03 1.319455793000000085e+03 1.319402473000000100e+03 1.319291825000000017e+03 1.319092846000000009e+03 1.319210147999999890e+03 1.318919450000000097e+03
1.602884297999999944e+03 1.602642939000000069e+03 1.602578784000000041e+03 1.602512670999999955e+03 1.602522621000000072e+03 1.602139067000000068e+03 1.602168498000000000e+03 1.602071144999999888e+03 1.602193451000000096e+03 1.602011031000000003e+03 1.602128629999999930e+03 1.601783130000000028e+03
-8.903500000000000303e-02 -1.410240000000000105e-01 -2.239579999999999904e-01 -2.164929999999999910e-01 -2.937819999999999876e-01 -3.322849999999999970e-01 -3.216300000000000270e-01 -3.471679999999999766e-01 -4.150630000000000153e-01 -5.075079999999999592e-01 -4.912449999999999872e-01 -6.403060000000000418e-01
6.598856399999999667e+02 6.598113019999999551e+02 6.597283419999999978e+02 6.597198650000000271e+02 6.596696769999999788e+02 6.595939210000000230e+02 6.595824900000000071e+02 6.595667079999999487e+02 6.594738620000000537e+02 6.593678810000000112e+02 6.593553210000000036e+02 6.592450270000000501e+02
1.319855857000000015e+03 1.319704793000000109e+03 1.319633127999999942e+03 1.319557260000000042e+03 1.319580046000000038e+03 1.319334929999999986e+03 1.319369664999999941e+03 1.319291752999999972e+03 1.319212185999999974e+03 1.319029183999999987e+03 1.319028373000000101e+03 1.318978669999999966e+03
1.602822889000000032e+03 1.602576726999999892e+03 1.602563458999999966e+03 1.602361169000000018e+03 1.602485351000000037e+03 1.602034973000000036e+03 1.602212817000000086e+03 1.601962199999999939e+03 1.602166606000000002e+03 1.601952749999999924e+03 1.601922550000000001e+03 1.601799019999999928e+03
-1.406799999999999995e-01 -1.882709999999999939e-01 -2.757970000000000144e-01 -2.719969999999999888e-01 -3.216269999999999962e-01 -3.653060000000000196e-01 -3.578219999999999734e-01 -3.906100000000000128e-01 -4.627149999999999874e-01 -5.396600000000000286e-01 -5.620840000000000281e-01 -6.200670000000000348e-01
6.598347169999999551e+02 6.597761440000000448e+02 6.596902410000000145e+02 6.596734569999999849e+02 6.596526539999999841e+02 6.595695490000000518e+02 6.595840090000000373e+02 6.595222079999999778e+02 6.594488820000000260e+02 6.593393640000000460e+02 6.593246490000000222e+02 6.592872499999999718e+02
1.319805935000000090e+03 1.319723046000000068e+03 1.319652154999999993e+03 1.319554894999999988e+03 1.319607586999999967e+03 1.319415929999999889e+03 1.319482616000000007e+03 1.319297381999999971e+03 1.319271289000000024e+03 1.319108359000000064e+03 1.319116005000000087e+03 1.319055945000000065e+03
1.602790209999999888e+03 1.602713504000000057e+03 1.602649916999999959e+03 1.602546184000000039e+03 1.602607923999999912e+03 1.602372335000000021e+03 1.602449863999999934e+03 1.602156788999999890e+03 1.602213565999999901e+03 1.602098154000000022e+03 1.602083405999999968e+03 1.602004138000000012e+03
-1.866810000000000136e-01 -2.186379999999999990e-01 -2.950900000000000190e-01 -3.030390000000000028e-01 -3.373120000000000007e-01 -3.706400000000000250e-01 -3.584169999999999856e-01 -4.123979999999999868e-01 -4.763089999999999824e-01 -5.269589999999999552e-01 -5.380730000000000235e-01 -5.762270000000000447e-01
6.597998840000000200e+02 6.597704059999999799e+02 6.596968010000000504e+02 6.596793689999999515e+02 6.596735499999999774e+02 6.596375520000000279e+02 6.596698639999999614e+02 6.944320999999999913e+02 6.595111630000000105e+02 6.594564050000000179e+02 6.594356749999999465e+02 6.594257290000000467e+02
1.319794521999999915e+03 1.319765517999999929e+03 1.319690520000000106e+03 1.319666283999999905e+03 1.319696173000000044e+03 1.319646034000000100e+03 1.319641865999999936e+03 1.319533368999999993e+03 1.319506004000000075e+03 1.319467599999999948e+03 1.319495339000000058e+03 1.319456220999999914e+03
1.602792371999999887e+03 1.602765893000000005e+03 1.602696480999999949e+03 1.602687093000000004e+03 1.602715237999999999e+03 1.602687691000000086e+03 1.602688861999999972e+03 1.602600858000000017e+03 1.602580938000000060e+03 1.602561247999999978e+03 1.602597983999999997e+03 1.602566585000000032e+03
-2.241400000000000059e-01 -2.375440000000000051e-01 -3.109799999999999787e-01 -2.999089999999999812e-01 -3.180689999999999906e-01 -3.180290000000000061e-01 -3.173139999999999850e-01 -3.754029999999999867e-01 -4.092089999999999894e-01 -4.089909999999999934e-01 -4.503119999999999901e-01 -3.487299999999999844e-01
6.597768820000000005e+02 6.597583150000000387e+02 6.596824000000000296e+02 6.596923180000000002e+02 6.596997360000000299e+02 6.596944069999999556e+02 6.596946279999999661e+02 6.595702499999999873e+02 6.596108259999999746e+02 6.595991460000000188e+02 6.595842249999999467e+02 6.596000619999999799e+02
1.319772764999999936e+03 1.319753044999999929e+03 1.319696003000000019e+03 1.319694291000000021e+03 1.319707398999999896e+03 1.319708769999999959e+03 1.319709115000000111e+03 1.319639908999999989e+03 1.319589660000000094e+03 1.319581850999999915e+03 1.319622990000000073e+03 1.319681863000000021e+03
1.602768792999999960e+03 1.602750768000000107e+03 1.602695240000000013e+03 1.602694408999999951e+03 1.602703150000000051e+03 1.602712172999999893e+03 1.602708260999999993e+03 1.602636911999999938e+03 1.602607854999999972e+03 1.602587197999999944e+03 1.602655007000000069e+03 1.602630343000000039e+03
-2.543830000000000258e-01 -2.679590000000000027e-01 -3.348869999999999902e-01 -3.325139999999999763e-01 -3.277840000000000198e-01 -3.260230000000000072e-01 -3.317820000000000213e-01 -3.805169999999999941e-01 -4.095219999999999971e-01 -3.970440000000000080e-01 -4.195400000000000240e-01 -4.108689999999999842e-01
6.597404410000000325e+02 6.597256830000000036e+02 6.580140599999999722e+02 6.596641600000000381e+02 6.596876859999999851e+02 6.596938159999999698e+02 6.596892520000000104e+02 6.596188290000000052e+02 6.596137069999999767e+02 6.595831020000000535e+02 6.595921160000000327e+02 6.596246240000000398e+02
1.319722940000000108e+03 1.319703508999999940e+03 1.319641644999999926e+03 1.319639844999999923e+03 1.319632270000000062e+03 1.319676635000000033e+03 1.319630752000000030e+03 1.319565397000000075e+03 1.319542873000000100e+03 1.319568195999999944e+03 1.319558082000000013e+03 1.319663882999999942e+03
1.602700280000000021e+03 1.602667093999999906e+03 1.602610676999999896e+03 1.602596555999999964e+03 1.602543963999999960e+03 1.602598363000000063e+03 1.602445324999999912e+03 1.602378003999999919e+03 1.602356745000000046e+03 1.602300625000000082e+03 1.602240487999999914e+03 1.602357027000000016e+03
-3.056470000000000020e-01 -3.166979999999999795e-01 -3.788880000000000026e-01 -1.347439999999999971e+00 -4.341960000000000264e-01 -4.008499999999999841e-01 -4.114419999999999744e-01 -4.225059999999999927e-01 -5.816519999999999468e-01 -5.123729999999999674e-01 -5.477640000000000287e-01 -4.818569999999999798e-01
6.596757549999999810e+02 6.596539269999999533e+02 6.595851360000000341e+02 6.595682399999999461e+02 6.595087170000000469e+02 6.595532660000000078e+02 6.594618110000000115e+02 6.594710139999999683e+02 6.593052199999999630e+02 6.593205500000000256e+02 6.592305740000000469e+02 6.593714740000000347e+02
1.319647140000000036e+03 1.319605209000000059e+03 1.319537616999999955e+03 1.319516059000000041e+03 1.319428081000000020e+03 1.319477170999999998e+03 1.319217495000000099e+03 1.319246131000000105e+03 1.319122059999999919e+03 1.319018544999999904e+03 1.318916729999999916e+03 1.319087524999999914e+03
1.602612286999999924e+03 1.602562198000000080e+03 1.602473561000000018e+03 1.602470530999999937e+03 1.602363084999999955e+03 1.602401971999999887e+03 1.602013574000000062e+03 1.602087678000000096e+03 1.602078563000000031e+03 1.601924330000000054e+03 1.601885309999999890e+03 1.602020962000000054e+03
-3.644720000000000182e-01 -3.811410000000000076e-01 -4.420870000000000077e-01 -4.471419999999999839e-01 -5.161329999999999529e-01 -4.791250000000000231e-01 -4.980069999999999775e-01 -5.001830000000000442e-01 -7.127930000000000099e-01 -6.704130000000000367e-01 -6.548019999999999952e-01 -6.186690000000000245e-01
6.596033220000000483e+02 6.595796229999999696e+02 6.595110979999999472e+02 6.595096389999999928e+02 6.594556410000000142e+02 6.594823420000000169e+02 6.594088040000000319e+02 6.594211030000000164e+02 6.592287880000000087e+02 6.591801480000000311e+02 6.592073319999999512e+02 6.592445900000000165e+02
1.319551823000000013e+03 1.319511670000000095e+03 1.319417239999999993e+03 1.319444567000000006e+03 1.319399883999999929e+03 1.319414727999999968e+03 1.319116097000000082e+03 1.319191178000000036e+03 1.319124174999999923e+03 1.318909460000000081e+03 1.318901280000000042e+03 1.318962639999999965e+03
1.602505897999999888e+03 1.602449082999999973e+03 1.602313149999999951e+03 1.602411976000000095e+03 1.602374684999999999e+03 1.602345947999999908e+03 1.601872119999999995e+03 1.602023230999999896e+03 1.602156721000000061e+03 1.601848060000000032e+03 1.601829150000000027e+03 1.601936580000000049e+03
-4.259600000000000053e-01 -4.419770000000000088e-01 -4.951309999999999878e-01 -5.012469999999999981e-01 -5.632970000000000477e-01 -5.300519999999999676e-01 -5.321029999999999927e-01 -5.330179999999999918e-01 -7.855459999999999665e-01 -7.521020000000000483e-01 -6.991549999999999709e-01 -6.846189999999999776e-01
6.595383990000000267e+02 6.595160049999999501e+02 6.594539959999999610e+02 6.594611009999999851e+02 6.594149039999999786e+02 6.594380429999999933e+02 6.593864320000000134e+02 6.594039370000000417e+02 6.591623369999999795e+02 6.591249010000000226e+02 6.591485040000000026e+02 6.591818700000000035e+02
1.319487347000000000e+03 1.319439607999999907e+03 1.319358678999999938e+03 1.319411188999999922e+03 1.319392372000000023e+03 1.319361803999999893e+03 1.319119619999999941e+03 1.319151689000000033e+03 1.319108770000000050e+03 1.318830449999999928e+03 1.318841689999999971e+03 1.318902779999999893e+03
1.602449898999999959e+03 1.602380116000000044e+03 1.602295135999999957e+03 1.602395011000000068e+03 1.602375361999999996e+03 1.602269727999999986e+03 1.601942150000000083e+03 1.601985359999999901e+03 1.602144385999999940e+03 1.601774349999999913e+03 1.601795440000000099e+03 1.601915790000000015e+03
-4.762509999999999799e-01 -4.961269999999999847e-01 -5.330650000000000110e-01 -5.393609999999999793e-01 -6.132279999999999953e-01 -5.865500000000000158e-01 -5.706539999999999946e-01 -5.729849999999999666e-01 -8.569039999999999990e-01 -8.177159999999999984e-01 -7.604340000000000543e-01 -7.226120000000000321e-01
6.594920909999999594e+02 6.594617889999999534e+02 6.594217069999999694e+02 6.594352939999999990e+02 6.593739659999999958e+02 6.593734600000000228e+02 6.593713340000000471e+02 6.593626940000000332e+02 6.591081699999999728e+02 6.590434510000000046e+02 6.590890219999999999e+02 6.591413840000000164e+02
1.319442929000000049e+03 1.319395459000000074e+03 1.319349735999999893e+03 1.319392327000000023e+03 1.319359805999999935e+03 1.319293625999999904e+03 1.319139875000000075e+03 1.319153986999999915e+03 1.319070152999999891e+03 1.318791819999999916e+03 1.318785350000000108e+03 1.318871570000000020e+03
1.602415165999999999e+03 1.602371335000000045e+03 1.602313313000000107e+03 1.602382301999999981e+03 1.602330756999999949e+03 1.602243517999999995e+03 1.602069167000000107e+03 1.602057199999999966e+03 1.602112051999999949e+03 1.601801850000000059e+03 1.601796109999999999e+03 1.601915459999999939e+03
-5.218650000000000233e-01 -5.462949999999999751e-01 -5.681460000000000399e-01 -5.767430000000000057e-01 -6.611620000000000275e-01 -6.521019999999999595e-01 -6.230590000000000295e-01 -6.193239999999999856e-01 -9.252559999999999674e-01 -8.846060000000000034e-01 -8.103850000000000220e-01 -7.655149999999999455e-01
6.594520049999999856e+02 6.594224020000000337e+02 6.593960309999999936e+02 6.594066870000000335e+02 6.593203700000000254e+02 6.593075430000000097e+02 6.592947580000000016e+02 6.592973329999999805e+02 6.590522660000000315e+02 6.590128220000000283e+02 6.590272069999999758e+02 6.590907780000000002e+02
1.319423831000000064e+03 1.319384389000000056e+03 1.319359234000000015e+03 1.319378872000000001e+03 1.319293110999999953e+03 1.319266235000000052e+03 1.319141881999999896e+03 1.319112174000000095e+03 1.319035656999999901e+03 1.318873759999999947e+03 1.318779330000000073e+03 1.318880259999999907e+03
1.602414829000000054e+03 1.602365817000000106e+03 1.602333806000000095e+03 1.602357232999999951e+03 1.602278716000000031e+03 1.602280463000000054e+03 1.602059657000000016e+03 1.602103297999999995e+03 1.602069815999999946e+03 1.601923009999999977e+03 1.601833380000000034e+03 1.601904350000000022e+03
-5.637929999999999886e-01 -5.876019999999999577e-01 -5.873359999999999692e-01 -6.281210000000000404e-01 -7.165310000000000290e-01 -7.006790000000000518e-01 -7.146780000000000355e-01 -6.965130000000000488e-01 -9.889109999999999845e-01 -9.233280000000000376e-01 -8.767129999999999646e-01 -7.840859999999999497e-01
6.594184079999999994e+02 6.593922199999999521e+02 6.593946859999999788e+02 6.593687300000000278e+02 6.592713680000000522e+02 6.592831439999999930e+02 6.591913919999999507e+02 6.591803730000000314e+02 6.590153319999999439e+02 6.590402189999999791e+02 6.589709000000000287e+02 6.591320170000000189e+02
1.319387582999999950e+03 1.319347843000000012e+03 1.319340697999999975e+03 1.319288389999999936e+03 1.319262445000000071e+03 1.319264468999999963e+03 1.319106307999999899e+03 1.319117475999999897e+03 1.319001655000000028e+03 1.318999829999999974e+03 1.318878899999999931e+03 1.318980739999999969e+03
1.602359999999999900e+03 1.602317686999999978e+03 1.602312155000000075e+03 1.602247546000000057e+03 1.602235797999999932e+03 1.602227343999999903e+03 1.602027869000000010e+03 1.602031983000000082e+03 1.601980540000000019e+03 1.601992479999999887e+03 1.601877709999999979e+03 1.601980170000000044e+03
-6.121680000000000454e-01 -6.450489999999999835e-01 -6.448789999999999800e-01 -7.334880000000000289e-01 -7.664699999999999847e-01 -7.848899999999999766e-01 -7.924529999999999630e-01 -7.491849999999999898e-01 -1.052400000000000002e+00 -9.527759999999999563e-01 -9.133879999999999777e-01 -7.805410000000000403e-01
6.593636350000000448e+02 6.593228679999999713e+02 6.593221509999999626e+02 6.592394080000000258e+02 6.592156539999999723e+02 6.591818799999999783e+02 6.591476400000000240e+02 6.591901169999999865e+02 6.589521399999999858e+02 6.590039890000000469e+02 6.589762699999999995e+02 6.591131090000000086e+02
1.319334755999999970e+03 1.319277047000000039e+03 1.319281985000000077e+03 1.319177697999999964e+03 1.319158149000000094e+03 1.319125698000000057e+03 1.318971970000000056e+03 1.318992729999999938e+03 1.318910499999999956e+03 1.318930810000000065e+03 1.318772420000000011e+03 1.318933620000000019e+03
1.602322139000000107e+03 1.602248192000000017e+03 1.602258010999999897e+03 1.602134894000000031e+03 1.602094857999999931e+03 1.602075651000000107e+03 1.601848680000000058e+03 1.601853020000000015e+03 1.601856009999999969e+03 1.601889429999999948e+03 1.601734639999999899e+03 1.601861090000000104e+03
-6.608819999999999695e-01 -7.013599999999999834e-01 -7.073909999999999920e-01 -7.884339999999999682e-01 -8.599499999999999922e-01 -8.874009999999999954e-01 -8.864410000000000345e-01 -9.173559999999999492e-01 -1.107529999999999903e+00 -1.015279999999999960e+00 -9.244099999999999540e-01 -7.994160000000000155e-01
6.593163670000000138e+02 6.592698199999999815e+02 6.592662550000000010e+02 6.591688279999999622e+02 6.590911730000000261e+02 6.590658439999999700e+02 6.590110029999999597e+02 6.590138449999999466e+02 6.588828999999999496e+02 6.589638300000000299e+02 6.589702800000000025e+02 6.591086920000000191e+02
1.319296235999999908e+03 1.319233392999999978e+03 1.319222725999999966e+03 1.319111533999999892e+03 1.319022860999999921e+03 1.318996139999999968e+03 1.318805229999999938e+03 1.318807819999999992e+03 1.318787730000000010e+03 1.318834929999999986e+03 1.318729659999999967e+03 1.318921019999999999e+03
1.602280541999999969e+03 1.602219133000000056e+03 1.602198169999999891e+03 1.602087762000000112e+03 1.601999540000000025e+03 1.601949509999999918e+03 1.601727200000000039e+03 1.601725140000000010e+03 1.601717280000000073e+03 1.601771310000000085e+03 1.601680839999999989e+03 1.601868500000000040e+03
-7.071509999999999740e-01 -7.524619999999999642e-01 -7.572790000000000354e-01 -8.636000000000000343e-01 -9.475740000000000274e-01 -9.847709999999999519e-01 -1.020229999999999970e+00 -1.007079999999999975e+00 -1.107539999999999969e+00 -1.058100000000000041e+00 -1.031760000000000010e+00 -8.710229999999999917e-01
6.592767519999999877e+02 6.592295870000000377e+02 6.592212670000000116e+02 6.591123599999999669e+02 6.590263569999999618e+02 6.589767699999999877e+02 6.589151000000000522e+02 6.589248900000000049e+02 6.588293599999999515e+02 6.588972300000000359e+02 6.588968399999999974e+02 6.590767630000000281e+02
1.319255936000000020e+03 1.319211620000000039e+03 1.319186095000000023e+03 1.319073309000000108e+03 1.319004611999999952e+03 1.318899409999999989e+03 1.318755460000000085e+03 1.318754989999999907e+03 1.318729939999999942e+03 1.318803409999999985e+03 1.318718759999999975e+03 1.318913919999999962e+03
1.602238640999999916e+03 1.602206840000000057e+03 1.602169259000000011e+03 1.602055395000000090e+03 1.602012120999999979e+03 1.601790709999999990e+03 1.601683500000000095e+03 1.601660930000000008e+03 1.601713029999999890e+03 1.601771199999999908e+03 1.601691890000000058e+03 1.601882759999999962e+03
2.264000000000000057e+01 4.703790000000000049e+01 7.155660000000000309e+01 9.599710000000000321e+01 2.106690000000000040e+01 4.594160000000000110e+01 7.057680000000000575e+01 9.477740000000000009e+01 1.842970000000000041e+01 4.361370000000000147e+01 6.812199999999999989e+01 6.734799999999999898e+01
6.826534000000000333e+02 7.070449999999999591e+02 7.315520000000000209e+02 7.559898000000000593e+02 6.810566000000000031e+02 7.059328000000000429e+02 7.305907999999999447e+02 7.547657000000000380e+02 6.784062999999999874e+02 7.035931000000000495e+02 7.290043000000000575e+02 7.273304000000000542e+02
1.342651499999999942e+03 1.367044499999999971e+03 1.391553799999999910e+03 1.415991600000000062e+03 1.341059999999999945e+03 1.365936899999999923e+03 1.390564900000000080e+03 1.414769999999999982e+03 1.338414099999999962e+03 1.363601499999999987e+03 1.388107600000000048e+03 1.387335199999999986e+03
1.625643700000000081e+03 1.650040199999999913e+03 1.674556299999999965e+03 1.698996100000000069e+03 1.624065599999999904e+03 1.648941600000000108e+03 1.673574499999999944e+03 1.697776499999999942e+03 1.621427100000000110e+03 1.646613200000000006e+03 1.671117899999999963e+03 1.670343499999999949e+03
2.264079999999999870e+01 4.703849999999999909e+01 7.155710000000000548e+01 9.599760000000000559e+01 2.106709999999999994e+01 4.594200000000000017e+01 7.057729999999999393e+01 9.477800000000000580e+01 1.842119999999999891e+01 4.360660000000000025e+01 6.811329999999999529e+01 6.733939999999999770e+01
6.826539000000000215e+02 7.070451000000000477e+02 7.315514000000000578e+02 7.559895999999999958e+02 6.810548999999999751e+02 7.059305000000000518e+02 7.305594999999999573e+02 7.547643000000000484e+02 6.784017000000000053e+02 7.035880999999999403e+02 7.281025999999999385e+02 7.273268000000000484e+02
1.342653499999999894e+03 1.367045599999999922e+03 1.391553300000000036e+03 1.415991199999999935e+03 1.341058600000000069e+03 1.365935500000000047e+03 1.390562899999999900e+03 1.414768800000000056e+03 1.338411200000000008e+03 1.363599099999999908e+03 1.388105999999999995e+03 1.387333300000000008e+03
1.625644199999999955e+03 1.650040799999999990e+03 1.674556800000000067e+03 1.698996699999999919e+03 1.624065599999999904e+03 1.648941900000000032e+03 1.673575000000000045e+03 1.697776800000000094e+03 1.621427899999999909e+03 1.646613900000000058e+03 1.671118799999999965e+03 1.670344000000000051e+03
2.264110000000000156e+01 4.703900000000000148e+01 7.155759999999999366e+01 9.599830000000000041e+01 2.106779999999999831e+01 4.594250000000000256e+01 7.058079999999999643e+01 9.477939999999999543e+01 1.844160000000000110e+01 4.362500000000000000e+01 6.813479999999999848e+01 6.735580000000000211e+01
6.826548000000000229e+02 7.070457000000000107e+02 7.315508999999999560e+02 7.559892999999999574e+02 6.810533000000000357e+02 7.059280999999999722e+02 7.305569000000000415e+02 7.547628999999999451e+02 6.783956000000000586e+02 7.035820999999999685e+02 7.280973000000000184e+02 7.273229000000000042e+02
1.342654299999999921e+03 1.367046199999999999e+03 1.391553599999999960e+03 1.415991500000000087e+03 1.341058800000000019e+03 1.365935799999999972e+03 1.390563200000000052e+03 1.414769399999999905e+03 1.338411599999999908e+03 1.363598899999999958e+03 1.388106500000000096e+03 1.387334100000000035e+03
1.625644900000000007e+03 1.650041500000000042e+03 1.674557199999999966e+03 1.698997399999999971e+03 1.624066100000000006e+03 1.648942500000000109e+03 1.673575499999999920e+03 1.697777199999999993e+03 1.621428599999999960e+03 1.646614199999999983e+03 1.671119799999999941e+03 1.670344599999999900e+03
2.264189999999999969e+01 4.703979999999999961e+01 7.155830000000000268e+01 9.599930000000000518e+01 2.106869999999999976e+01 4.594330000000000069e+01 7.057850000000000534e+01 9.477849999999999397e+01 1.841229999999999833e+01 4.359740000000000038e+01 6.810649999999999693e+01 6.734420000000000073e+01
6.826557000000000244e+02 7.070465000000000373e+02 7.315516999999999825e+02 7.559900999999999840e+02 6.810552999999999884e+02 7.059320000000000164e+02 7.305597000000000207e+02 7.547658999999999878e+02 6.784013999999999669e+02 7.035889999999999418e+02 7.281012000000000626e+02 7.273275999999999613e+02
1.342654800000000023e+03 1.367046800000000076e+03 1.391554200000000037e+03 1.415992199999999912e+03 1.341059299999999894e+03 1.365936699999999973e+03 1.390564100000000053e+03 1.414770399999999881e+03 1.338412800000000061e+03 1.363599799999999959e+03 1.388107600000000048e+03 1.387334900000000061e+03
1.625645199999999932e+03 1.650041699999999992e+03 1.674557900000000018e+03 1.698998299999999972e+03 1.624066700000000083e+03 1.648943400000000111e+03 1.673576999999999998e+03 1.697778399999999920e+03 1.621430699999999888e+03 1.646615499999999884e+03 1.671122800000000097e+03 1.670346900000000005e+03
2.264229999999999876e+01 4.703999999999999915e+01 7.155910000000000082e+01 9.600010000000000332e+01 2.106990000000000052e+01 4.594449999999999790e+01 7.058100000000000307e+01 9.478060000000000684e+01 1.845159999999999911e+01 4.363089999999999691e+01 6.814230000000000587e+01 6.735269999999999868e+01
6.826553999999999860e+02 7.070470000000000255e+02 7.315525999999999840e+02 7.559910999999999603e+02 6.810560000000000400e+02 7.059320999999999913e+02 7.305603999999999587e+02 7.547673999999999523e+02 6.784034000000000333e+02 7.035901999999999816e+02 7.281022000000000389e+02 7.273269999999999982e+02
1.342654199999999946e+03 1.367047000000000025e+03 1.391555399999999963e+03 1.415993300000000090e+03 1.341060600000000022e+03 1.365938499999999976e+03 1.390566000000000031e+03 1.414772500000000036e+03 1.338416799999999967e+03 1.363602300000000014e+03 1.388110100000000102e+03 1.387336299999999937e+03
1.625645199999999932e+03 1.650041899999999941e+03 1.674558600000000069e+03 1.698999299999999948e+03 1.624066800000000057e+03 1.648944600000000037e+03 1.673578700000000026e+03 1.697780400000000100e+03 1.621433199999999943e+03 1.646618400000000065e+03 1.671127199999999903e+03 1.670350599999999986e+03
2.264199999999999946e+01 4.704030000000000200e+01 7.156000000000000227e+01 9.600159999999999627e+01 2.106040000000000134e+01 4.594590000000000174e+01 7.058280000000000598e+01 9.478379999999999939e+01 1.840579999999999927e+01 4.358059999999999690e+01 6.815389999999999304e+01 6.736899999999999977e+01
6.826561000000000377e+02 7.070480000000000018e+02 7.315538999999999987e+02 7.559923000000000002e+02 6.810581999999999425e+02 7.059352000000000089e+02 7.305629999999999882e+02 7.547703000000000202e+02 6.784090999999999667e+02 7.035960999999999785e+02 7.281049000000000433e+02 7.273306000000000040e+02
1.342654299999999921e+03 1.367047600000000102e+03 1.391556499999999915e+03 1.415994500000000016e+03 1.341061799999999948e+03 1.365940000000000055e+03 1.390568899999999985e+03 1.414775499999999965e+03 1.338419100000000071e+03 1.363604800000000068e+03 1.388110599999999977e+03 1.387337299999999914e+03
1.625644999999999982e+03 1.650042400000000043e+03 1.674559199999999919e+03 1.699000999999999976e+03 1.624066800000000057e+03 1.648946200000000090e+03 1.673580999999999904e+03 1.697783699999999953e+03 1.621437799999999925e+03 1.646622399999999971e+03 1.671133600000000115e+03 1.670358300000000099e+03
2.262079999999999913e+01 4.701489999999999725e+01 7.153220000000000312e+01 9.597490000000000521e+01 2.104220000000000113e+01 4.592569999999999908e+01 7.056539999999999679e+01 9.476399999999999579e+01 1.844010000000000105e+01 4.360179999999999723e+01 6.817759999999999820e+01 6.751949999999999363e+01
6.826563999999999623e+02 7.070485999999999649e+02 7.315544999999999618e+02 7.559927999999999884e+02 6.810587000000000444e+02 7.059357999999999720e+02 7.305632000000000517e+02 7.547715000000000600e+02 6.784106000000000449e+02 7.035973000000000184e+02 7.281046000000000049e+02 7.273301999999999907e+02
1.342653800000000047e+03 1.367048099999999977e+03 1.391558700000000044e+03 1.415996100000000069e+03 1.341061999999999898e+03 1.365942199999999957e+03 1.390570600000000013e+03 1.414777499999999918e+03 1.338420100000000048e+03 1.363605000000000018e+03 1.388114900000000034e+03 1.387336900000000014e+03
1.625645400000000109e+03 1.650044900000000098e+03 1.674562100000000100e+03 1.699005499999999984e+03 1.624068299999999908e+03 1.648951299999999947e+03 1.673587800000000016e+03 1.697794699999999921e+03 1.621443800000000010e+03 1.646630000000000109e+03 1.671140599999999949e+03 1.670375000000000000e+03
2.265020000000000167e+01 4.706669999999999732e+01 7.157869999999999777e+01 9.603340000000000032e+01 2.108950000000000102e+01 4.602230000000000132e+01 7.066209999999999525e+01 9.488630000000000564e+01 1.847080000000000055e+01 4.370029999999999859e+01 6.816030000000000655e+01 6.740709999999999980e+01
6.826579000000000406e+02 7.070508999999999560e+02 7.315563999999999396e+02 7.559950999999999794e+02 6.810594999999999573e+02 7.059375999999999749e+02 7.305651000000000295e+02 7.547749999999999773e+02 6.784122999999999593e+02 7.036006999999999607e+02 7.281077000000000226e+02 7.273365000000000009e+02
1.342655600000000049e+03 1.367059299999999894e+03 1.391561599999999999e+03 1.415998800000000074e+03 1.341061799999999948e+03 1.365945999999999913e+03 1.390575100000000020e+03 1.414781300000000101e+03 1.338424099999999953e+03 1.363615099999999984e+03 1.388119599999999991e+03 1.387346900000000005e+03
1.625646099999999933e+03 1.650048399999999901e+03 1.674566700000000083e+03 1.699011199999999917e+03 1.624071200000000090e+03 1.648959200000000010e+03 1.673601200000000063e+03 1.697809899999999971e+03 1.621455999999999904e+03 1.646660699999999906e+03 1.671154199999999946e+03 1.670382100000000037e+03
2.265790000000000148e+01 4.711090000000000089e+01 7.162940000000000396e+01 9.608100000000000307e+01 2.110930000000000106e+01 4.603260000000000218e+01 7.068550000000000466e+01 9.490479999999999450e+01 1.846959999999999980e+01 4.365480000000000160e+01 6.815670000000000073e+01 6.740569999999999595e+01
6.826595999999999549e+02 7.070528000000000475e+02 7.315576999999999543e+02 7.559974999999999454e+02 6.810597999999999956e+02 7.059406999999999925e+02 7.305674999999999955e+02 7.547780000000000200e+02 6.784136999999999489e+02 7.036034999999999400e+02 7.281106999999999516e+02 7.273355999999999995e+02
1.342657200000000103e+03 1.367054799999999886e+03 1.391563100000000077e+03 1.416000000000000000e+03 1.341062400000000025e+03 1.365951600000000099e+03 1.390567600000000084e+03 1.414785699999999906e+03 1.338426899999999932e+03 1.363619099999999889e+03 1.388124299999999948e+03 1.387345499999999902e+03
1.625646600000000035e+03 1.650049199999999928e+03 1.674567399999999907e+03 1.699019999999999982e+03 1.624071799999999939e+03 1.648965200000000095e+03 1.673613599999999906e+03 1.697814300000000003e+03 1.621462500000000091e+03 1.646668799999999919e+03 1.671166099999999915e+03 1.670377899999999954e+03
2.265559999999999974e+01 4.709830000000000183e+01 7.161929999999999552e+01 9.608540000000000703e+01 2.109380000000000166e+01 4.600719999999999743e+01 7.063410000000000366e+01 9.486920000000000641e+01 1.845619999999999905e+01 4.365650000000000119e+01 6.817379999999999995e+01 6.741750000000000398e+01
6.826606000000000449e+02 7.070542000000000371e+02 7.315608999999999469e+02 7.559992999999999483e+02 6.810602999999999838e+02 7.059442999999999984e+02 7.305695000000000618e+02 7.547793000000000347e+02 6.784148999999999887e+02 7.036073999999999842e+02 7.281128999999999678e+02 7.273369000000000142e+02
1.342658400000000029e+03 1.367054200000000037e+03 1.391536299999999983e+03 1.416001800000000003e+03 1.341060999999999922e+03 1.365945400000000063e+03 1.390564800000000105e+03 1.414786399999999958e+03 1.338426799999999957e+03 1.363622599999999920e+03 1.388112200000000030e+03 1.387350899999999911e+03
1.625647099999999909e+03 1.650045200000000023e+03 1.674563900000000103e+03 1.699016100000000051e+03 1.624070999999999913e+03 1.648963999999999942e+03 1.673616500000000087e+03 1.697814200000000028e+03 1.621458200000000033e+03 1.646662100000000009e+03 1.671171299999999974e+03 1.670381699999999910e+03
2.262549999999999883e+01 4.709470000000000312e+01 7.159869999999999379e+01 9.608710000000000662e+01 2.111159999999999926e+01 4.602239999999999753e+01 7.066939999999999600e+01 9.490370000000000061e+01 1.847269999999999968e+01 4.367860000000000298e+01 6.820329999999999870e+01 6.743479999999999563e+01
6.826618999999999460e+02 7.070548999999999751e+02 7.315608999999999469e+02 7.559981999999999971e+02 6.810599999999999454e+02 7.059475999999999658e+02 7.305696000000000367e+02 7.547782999999999447e+02 6.784160000000000537e+02 7.036051999999999680e+02 7.281123999999999796e+02 7.273384999999999536e+02
1.342659699999999930e+03 1.367053899999999885e+03 1.391549299999999903e+03 1.416229199999999992e+03 1.341062899999999900e+03 1.365964400000000069e+03 1.390531300000000101e+03 1.414791400000000067e+03 1.338425300000000107e+03 1.363623100000000022e+03 1.388118999999999915e+03 1.387348899999999958e+03
1.625645700000000033e+03 1.650047299999999950e+03 1.674564699999999903e+03 1.699019000000000005e+03 1.624071300000000065e+03 1.648984500000000025e+03 1.673620400000000018e+03 1.697822499999999991e+03 1.621458200000000033e+03 1.646673999999999978e+03 1.671184199999999919e+03 1.670392599999999902e+03
2.264329999999999998e+01 4.704849999999999710e+01 7.156319999999999482e+01 9.602740000000000009e+01 2.109290000000000020e+01 4.602429999999999666e+01 7.064279999999999404e+01 9.490149999999999864e+01 1.848509999999999920e+01 4.370559999999999690e+01 6.824609999999999843e+01 6.745889999999999986e+01
6.826652000000000271e+02 7.070558999999999514e+02 7.315484000000000151e+02 7.559750000000000227e+02 6.810611999999999853e+02 7.059506000000000085e+02 7.305726999999999407e+02 7.547798000000000229e+02 6.784221000000000004e+02 7.036331000000000131e+02 7.281594000000000051e+02 7.273441000000000258e+02
1.342662700000000086e+03 1.367057800000000043e+03 1.372181199999999990e+03 1.396517299999999977e+03 1.341069300000000112e+03 1.365972600000000057e+03 1.390521400000000085e+03 1.378766499999999951e+03 1.338439399999999978e+03 1.363671399999999949e+03 1.390970600000000104e+03 1.387375600000000077e+03
1.625646999999999935e+03 1.650048999999999978e+03 1.674565800000000081e+03 1.699024400000000014e+03 1.624077099999999973e+03 1.648995100000000093e+03 1.673630599999999959e+03 1.697843299999999999e+03 1.621475899999999911e+03 1.646709299999999985e+03 1.671221299999999928e+03 1.670367899999999963e+03
2.264489999999999981e+01 4.705120000000000147e+01 7.156980000000000075e+01 9.603690000000000282e+01 2.109680000000000177e+01 4.602400000000000091e+01 7.065900000000000603e+01 9.488739999999999952e+01 1.852110000000000056e+01 4.374730000000000274e+01 6.829089999999999350e+01 6.751730000000000587e+01
6.826638000000000375e+02 7.070575000000000045e+02 7.315648999999999660e+02 7.510949000000000524e+02 6.810715999999999894e+02 7.059582000000000335e+02 7.305801000000000158e+02 7.468177000000000589e+02 6.784170000000000300e+02 7.036276000000000295e+02 7.281167000000000371e+02 7.216396999999999480e+02
1.342662700000000086e+03 1.367057399999999916e+03 1.391566700000000083e+03 1.415953299999999899e+03 1.341066199999999981e+03 1.365968699999999899e+03 1.390581100000000106e+03 1.414807800000000043e+03 1.338430200000000013e+03 1.363659699999999930e+03 1.387927099999999882e+03 1.387395899999999983e+03
1.625647999999999911e+03 1.650050400000000081e+03 1.674568600000000060e+03 1.699029199999999946e+03 1.624084599999999909e+03 1.649001700000000028e+03 1.673645800000000008e+03 1.697867700000000013e+03 1.621482600000000048e+03 1.646712600000000066e+03 1.671237900000000081e+03 1.670489000000000033e+03
2.264659999999999940e+01 4.705340000000000344e+01 7.157009999999999650e+01 9.603679999999999950e+01 2.109730000000000061e+01 4.602120000000000033e+01 7.066089999999999804e+01 9.488809999999999434e+01 1.848649999999999949e+01 4.366349999999999909e+01 6.819689999999999941e+01 6.742249999999999943e+01
6.679651999999999816e+02 6.923593999999999369e+02 7.168652999999999338e+02 7.413070000000000164e+02 6.663746999999999616e+02 6.912524999999999409e+02 7.158843999999999141e+02 7.401023000000000138e+02 6.637296000000000049e+02 6.889338999999999942e+02 7.134521999999999480e+02 7.126795999999999367e+02
1.313262699999999995e+03 1.337658599999999979e+03 1.362148399999999810e+03 1.379270699999999806e+03 1.311689300000000003e+03 1.336586199999999963e+03 1.344552099999999882e+03 1.385433299999999917e+03 1.309080299999999852e+03 1.334302099999999882e+03 1.358835299999999961e+03 1.358053699999999935e+03
1.571650499999999965e+03 1.596054200000000037e+03 1.620572499999999991e+03 1.645036200000000008e+03 1.570101799999999912e+03 1.595016900000000078e+03 1.619706999999999880e+03 1.643900399999999991e+03 1.567565599999999904e+03 1.592810300000000097e+03 1.617378500000000031e+03 1.616556299999999965e+03
2.264979999999999905e+01 4.705539999999999878e+01 7.159720000000000084e+01 9.604800000000000182e+01 2.114379999999999882e+01 4.599530000000000030e+01 7.068280000000000030e+01 9.498040000000000305e+01 1.858640000000000114e+01 4.383359999999999701e+01 6.835200000000000387e+01 6.754110000000000014e+01
6.534648999999999432e+02 6.778596999999999753e+02 7.023678999999999633e+02 7.268110999999998967e+02 6.518843999999999141e+02 6.767677999999999656e+02 7.013970999999999094e+02 7.256102999999999383e+02 6.492644999999999982e+02 6.744550999999999021e+02 6.989968999999999824e+02 6.982036999999999125e+02
1.284264299999999821e+03 1.308659599999999955e+03 1.333170899999999847e+03 1.357610999999999876e+03 1.282690699999999879e+03 1.307588099999999940e+03 1.332238899999999830e+03 1.356438499999999976e+03 1.280100500000000011e+03 1.305317000000000007e+03 1.329869099999999889e+03 1.329066399999999931e+03
1.523353900000000067e+03 1.547757000000000062e+03 1.572277100000000019e+03 1.596737800000000107e+03 1.521799800000000005e+03 1.546716400000000021e+03 1.571417799999999943e+03 1.595614299999999957e+03 1.519268900000000031e+03 1.544516100000000051e+03 1.569075299999999970e+03 1.568258700000000090e+03
2.267269999999999897e+01 4.709429999999999694e+01 7.163089999999999691e+01 9.602280000000000371e+01 2.111820000000000164e+01 4.604710000000000036e+01 7.075629999999999598e+01 9.495910000000000650e+01 1.857189999999999941e+01 4.379910000000000281e+01 6.831059999999999377e+01 6.753570000000000562e+01
6.389656999999999698e+02 6.633606999999999516e+02 6.878674999999999500e+02 7.123136999999999261e+02 6.373854999999999791e+02 6.622717999999999847e+02 6.869016999999998916e+02 7.111160999999999603e+02 6.347713999999999714e+02 6.599749999999999091e+02 6.845072999999999865e+02 6.837189999999999372e+02
1.255364900000000034e+03 1.279760800000000017e+03 1.304269500000000107e+03 1.328719000000000051e+03 1.253790200000000141e+03 1.278691100000000006e+03 1.303343299999999999e+03 1.327538900000000012e+03 1.251207100000000082e+03 1.276418300000000045e+03 1.300971600000000080e+03 1.300172600000000102e+03
1.475055200000000013e+03 1.499457900000000109e+03 1.523977200000000039e+03 1.548437000000000126e+03 1.473500000000000000e+03 1.498417500000000018e+03 1.523114700000000084e+03 1.547313400000000001e+03 1.470971500000000106e+03 1.496222000000000207e+03 1.520779600000000073e+03 1.519967300000000023e+03
2.266629999999999967e+01 4.708480000000000132e+01 7.161209999999999809e+01 9.604999999999999716e+01 2.110999999999999943e+01 4.604140000000000299e+01 7.075740000000000407e+01 9.496439999999999770e+01 1.857610000000000028e+01 4.381960000000000122e+01 6.836549999999999727e+01 6.754080000000000439e+01
6.245656000000000176e+02 6.489612999999999374e+02 6.734685999999999240e+02 6.979136999999999489e+02 6.229859999999999900e+02 6.478752999999999247e+02 6.725031000000000176e+02 6.967192999999999756e+02 6.203751999999999498e+02 6.455801000000000158e+02 6.701136999999999944e+02 6.693227999999999156e+02
1.226364700000000084e+03 1.250760899999999992e+03 1.275280600000000049e+03 1.299720199999999977e+03 1.224790300000000116e+03 1.249691800000000057e+03 1.274287199999999984e+03 1.298536600000000135e+03 1.222219100000000026e+03 1.247435500000000047e+03 1.271980700000000070e+03 1.271175300000000107e+03
1.426855800000000045e+03 1.451257900000000063e+03 1.475776499999999942e+03 1.500238200000000006e+03 1.425302100000000110e+03 1.450219900000000052e+03 1.474922299999999950e+03 1.499129100000000108e+03 1.422771099999999933e+03 1.448019500000000107e+03 1.472578600000000051e+03 1.471760700000000043e+03
2.268080000000000140e+01 4.702830000000000155e+01 7.161839999999999407e+01 9.605490000000000350e+01 2.111749999999999972e+01 4.603240000000000265e+01 7.075579999999999359e+01 9.496040000000000703e+01 1.858010000000000161e+01 4.381380000000000052e+01 6.837250000000000227e+01 6.755949999999999989e+01
6.100658999999999423e+02 6.344615000000000009e+02 6.589694999999999254e+02 6.834148000000000138e+02 6.084863000000000284e+02 6.333752999999999247e+02 6.580059999999999718e+02 6.822183999999999742e+02 6.058770999999999276e+02 6.310796000000000276e+02 6.556127999999999929e+02 6.548218999999999141e+02
1.197364399999999932e+03 1.221760700000000043e+03 1.246262100000000146e+03 1.270720600000000104e+03 1.195788400000000138e+03 1.220689700000000130e+03 1.245252100000000155e+03 1.269539800000000014e+03 1.193213899999999967e+03 1.218435300000000097e+03 1.242980400000000145e+03 1.242173700000000053e+03
1.378555700000000115e+03 1.402957800000000134e+03 1.427475300000000061e+03 1.451938000000000102e+03 1.377004400000000032e+03 1.401919000000000096e+03 1.426623900000000049e+03 1.450832700000000159e+03 1.374472400000000107e+03 1.399717700000000150e+03 1.424281400000000076e+03 1.423464300000000094e+03
2.265330000000000155e+01 4.705989999999999895e+01 7.159069999999999823e+01 9.604959999999999809e+01 2.110320000000000107e+01 4.603459999999999752e+01 7.076970000000000027e+01 9.495220000000000482e+01 1.858040000000000092e+01 4.380689999999999884e+01 6.835769999999999413e+01 6.755049999999999955e+01
5.955658999999999423e+02 6.199615000000000009e+02 6.444675999999999476e+02 6.689159999999999400e+02 5.939868000000000166e+02 6.188764999999999645e+02 6.435098000000000411e+02 6.677229999999999563e+02 5.913826999999999998e+02 6.165862999999999374e+02 6.411187999999999647e+02 6.403260999999999967e+02
1.168463999999999942e+03 1.192860099999999875e+03 1.217356600000000071e+03 1.241789800000000014e+03 1.166891100000000051e+03 1.191791699999999992e+03 1.216437300000000050e+03 1.240648199999999861e+03 1.164325399999999945e+03 1.189535899999999856e+03 1.214095000000000027e+03 1.213278699999999844e+03
1.330257399999999961e+03 1.354659199999999828e+03 1.379177399999999807e+03 1.403643100000000004e+03 1.328704799999999977e+03 1.353621699999999919e+03 1.378330099999999902e+03 1.402535599999999931e+03 1.326175099999999929e+03 1.351421499999999924e+03 1.375976299999999810e+03 1.375159699999999930e+03
2.265739999999999910e+01 4.706130000000000280e+01 7.159860000000000468e+01 9.604900000000000659e+01 2.112580000000000169e+01 4.603770000000000095e+01 7.076829999999999643e+01 9.500029999999999575e+01 1.856709999999999994e+01 4.384230000000000160e+01 6.837609999999999388e+01 6.755349999999999966e+01
5.810665000000000191e+02 6.054624000000000024e+02 6.299719000000000051e+02 6.544347000000000207e+02 5.794877000000000180e+02 6.043810999999999467e+02 6.290089000000000397e+02 6.532210000000000036e+02 5.768894999999999982e+02 6.020833999999999833e+02 6.266116999999999280e+02 6.258234999999999673e+02
1.139465500000000020e+03 1.163863100000000031e+03 1.188374900000000025e+03 1.212648599999999988e+03 1.137890999999999849e+03 1.162794599999999946e+03 1.187438799999999901e+03 1.211630699999999933e+03 1.135320400000000063e+03 1.160533400000000029e+03 1.185053499999999985e+03 1.184283899999999903e+03
1.281959200000000010e+03 1.306361599999999953e+03 1.330878799999999956e+03 1.355347299999999905e+03 1.280408899999999903e+03 1.305328399999999874e+03 1.330033899999999903e+03 1.354242499999999836e+03 1.277877299999999877e+03 1.303130699999999933e+03 1.327690499999999929e+03 1.326871200000000044e+03
2.265759999999999863e+01 4.706300000000000239e+01 7.158150000000000546e+01 9.604970000000000141e+01 2.111980000000000146e+01 4.604679999999999751e+01 7.077779999999999916e+01 9.498919999999999675e+01 1.859339999999999904e+01 4.384409999999999741e+01 6.839029999999999632e+01 6.756759999999999877e+01
5.666671000000000049e+02 5.910629999999999882e+02 6.155739999999999554e+02 6.400352000000000317e+02 5.650942999999999756e+02 5.899850000000000136e+02 6.146239000000000487e+02 6.388300000000000409e+02 5.624785000000000537e+02 5.877003999999999451e+02 6.122246999999999844e+02 5.658157999999999674e+02
1.110467200000000048e+03 1.134863599999999906e+03 1.159376600000000053e+03 1.183836999999999989e+03 1.108895999999999958e+03 1.133791899999999941e+03 1.158443399999999883e+03 1.182651699999999892e+03 1.106297399999999925e+03 1.131526100000000042e+03 1.156047100000000000e+03 1.155263599999999997e+03
1.233760399999999890e+03 1.258161999999999807e+03 1.282679799999999886e+03 1.307146899999999960e+03 1.232213899999999967e+03 1.257129699999999957e+03 1.281846399999999903e+03 1.306064999999999827e+03 1.229679999999999836e+03 1.254926899999999932e+03 1.279487499999999955e+03 1.278664299999999912e+03
2.265840000000000032e+01 4.706190000000000140e+01 7.158230000000000359e+01 9.605370000000000630e+01 2.112430000000000163e+01 4.605060000000000286e+01 7.077589999999999293e+01 9.499009999999999820e+01 1.859570000000000078e+01 4.384640000000000271e+01 6.839270000000000493e+01 6.757349999999999568e+01
5.376662999999999784e+02 5.620611999999999853e+02 5.865732000000000426e+02 6.110227999999999611e+02 5.360993999999999460e+02 5.609850999999999885e+02 5.856355999999999540e+02 6.098429999999999609e+02 5.334887999999999693e+02 5.587283999999999651e+02 5.832323000000000093e+02 5.824185999999999694e+02
1.052567400000000134e+03 1.076963200000000143e+03 1.101475000000000136e+03 1.125930800000000090e+03 1.050997000000000071e+03 1.075891100000000051e+03 1.100538600000000088e+03 1.124743600000000015e+03 1.048417000000000144e+03 1.073611300000000028e+03 1.098163900000000012e+03 1.097348000000000184e+03
1.137163299999999936e+03 1.161561999999999898e+03 1.186077700000000050e+03 1.210542799999999943e+03 1.135605499999999893e+03 1.160521400000000085e+03 1.185217200000000048e+03 1.209437599999999975e+03 1.133066399999999931e+03 1.158306599999999889e+03 1.182866500000000087e+03 1.182048900000000003e+03
2.265909999999999869e+01 4.706150000000000233e+01 7.158129999999999882e+01 9.605110000000000525e+01 2.112030000000000030e+01 4.605490000000000350e+01 7.078499999999999659e+01 9.500010000000000332e+01 1.859819999999999851e+01 4.384479999999999933e+01 6.839270000000000493e+01 6.757729999999999393e+01
5.195667999999999438e+02 5.439633999999999787e+02 5.684709000000000287e+02 5.929357999999999720e+02 5.180140999999999849e+02 5.428891999999999598e+02 5.675203000000000202e+02 5.917381000000000313e+02 5.153955999999999449e+02 5.405805000000000291e+02 5.651640999999999622e+02 5.643356999999999744e+02
1.016468499999999949e+03 1.040862499999999955e+03 1.065374000000000024e+03 1.089835499999999911e+03 1.014902399999999943e+03 1.039791799999999967e+03 1.064441499999999905e+03 1.088631100000000060e+03 1.012320899999999938e+03 1.037504899999999907e+03 1.062119500000000016e+03 1.061223799999999983e+03
