-6.688759999999999975e-05 -3.894200000000000087e-05 4.419439999999999821e-05 5.149610000000000320e-05 4.123459999999999989e-05 3.453469999999999988e-05 1.162139999999999956e-04 5.169509999999999909e-05 2.059720000000000127e-04 1.668569999999999849e-05 7.405880000000000319e-05 7.801290000000000655e-05
0.000000000000000000e+00 0.000000000000000000e+00 0.000000000000000000e+00 0.000000000000000000e+00 0.000000000000000000e+00 0.000000000000000000e+00 0.000000000000000000e+00 0.000000000000000000e+00 0.000000000000000000e+00 0.000000000000000000e+00 0.000000000000000000e+00 0.000000000000000000e+00
-4.468660000000000004e-05 6.934570000000000252e-05 1.192359999999999948e-04 3.885310000000000245e-05 -1.523949999999999936e-04 8.582259999999999379e-05 -2.901000000000000041e-04 -7.926119999999999932e-06 -4.581289999999999907e-04 -2.311450000000000104e-04 -7.736830000000000530e-04 -6.645890000000000434e-04
-1.068009999999999961e-05 8.836829999999999891e-05 -3.722970000000000034e-05 -6.996600000000000063e-05 -4.619770000000000256e-04 -3.205570000000000142e-04 -4.376590000000000189e-04 -4.155450000000000203e-04 -1.616819999999999933e-03 -1.566960000000000054e-03 -1.271009999999999935e-03 -1.470680000000000034e-03
-5.614519999999999906e-05 3.159769999999999734e-05 -6.928189999999999815e-05 -5.753879999999999872e-05 -1.570339999999999876e-04 -3.621610000000000042e-06 -1.792279999999999991e-04 -2.035089999999999924e-04 -1.908699999999999937e-03 -1.936189999999999960e-03 -1.884679999999999906e-03 -2.167660000000000073e-03
0.000000000000000000e+00 0.000000000000000000e+00 0.000000000000000000e+00 0.000000000000000000e+00 0.000000000000000000e+00 0.000000000000000000e+00 0.000000000000000000e+00 0.000000000000000000e+00 0.000000000000000000e+00 0.000000000000000000e+00 0.000000000000000000e+00 0.000000000000000000e+00
2.054380000000000141e-05 3.789210000000000267e-05 -1.209080000000000018e-04 -1.571040000000000056e-04 -5.785480000000000180e-04 -5.604229999999999975e-04 -8.949719999999999551e-04 -5.991079999999999973e-04 -2.889379999999999987e-03 -3.153019999999999868e-03 -2.408420000000000092e-03 -2.496079999999999913e-03
-2.278260000000000105e-04 -1.705579999999999889e-04 -9.155990000000000407e-05 -9.870100000000000249e-05 -3.297430000000000174e-04 -2.704550000000000118e-04 -5.131689999999999516e-04 -2.915239999999999824e-04 -3.127500000000000072e-03 -3.321629999999999895e-03 -2.852350000000000024e-03 -3.126729999999999874e-03
9.680889999999999396e-05 2.340510000000000059e-05 -2.330420000000000093e-04 -2.829390000000000095e-04 -3.464130000000000052e-04 -1.909609999999999899e-04 -4.800890000000000040e-04 -2.462729999999999780e-04 -3.096289999999999806e-03 -3.011620000000000009e-03 -2.833009999999999955e-03 -2.562179999999999840e-03
0.000000000000000000e+00 0.000000000000000000e+00 0.000000000000000000e+00 0.000000000000000000e+00 0.000000000000000000e+00 0.000000000000000000e+00 0.000000000000000000e+00 0.000000000000000000e+00 0.000000000000000000e+00 0.000000000000000000e+00 0.000000000000000000e+00 0.000000000000000000e+00
-3.308599999999999866e-04 -3.349749999999999972e-04 -4.282169999999999965e-04 -4.751409999999999965e-04 -6.347860000000000308e-04 -5.636789999999999813e-04 -3.836350000000000090e-04 -3.487669999999999898e-04 -2.643180000000000182e-03 -2.860300000000000082e-03 -2.120350000000000013e-03 -2.289779999999999940e-03
-1.977770000000000005e-04 -1.803970000000000009e-04 -2.739080000000000074e-04 -3.975040000000000214e-04 -6.042540000000000324e-04 -4.568390000000000081e-04 -5.923659999999999863e-04 -2.589849999999999878e-04 -3.757679999999999788e-03 -3.976290000000000380e-03 -3.319850000000000058e-03 -4.060839999999999589e-03
-1.435089999999999977e-04 -2.612499999999999805e-04 -2.207520000000000033e-04 -2.990530000000000250e-04 -5.206940000000000396e-04 -1.695280000000000072e-04 -3.112999999999999773e-04 -1.106639999999999962e-05 -4.075379999999999975e-03 -3.920650000000000350e-03 -3.946100000000000128e-03 -4.365520000000000338e-03
0.000000000000000000e+00 0.000000000000000000e+00 0.000000000000000000e+00 0.000000000000000000e+00 0.000000000000000000e+00 0.000000000000000000e+00 0.000000000000000000e+00 0.000000000000000000e+00 0.000000000000000000e+00 0.000000000000000000e+00 0.000000000000000000e+00 0.000000000000000000e+00
-4.885859999999999466e-04 -3.598650000000000113e-04 -4.667170000000000108e-04 -5.595240000000000456e-04 -1.121119999999999972e-03 -1.017249999999999925e-03 -1.233549999999999924e-03 -6.103280000000000424e-04 -5.387229999999999797e-03 -5.683829999999999959e-03 -5.072990000000000312e-03 -6.162619999999999730e-03
-7.305470000000000106e-04 -5.569999999999999864e-04 -4.739440000000000146e-04 -5.806420000000000288e-04 -1.131169999999999919e-03 -7.662289999999999986e-04 -7.892420000000000034e-04 -1.016159999999999975e-04 -6.108500000000000214e-03 -6.066529999999999666e-03 -6.692810000000000425e-03 -8.328189999999999205e-03
-2.614189999999999852e-04 -3.547600000000000254e-04 -3.178929999999999733e-04 -3.829570000000000131e-04 -9.790870000000000128e-04 -4.047650000000000184e-04 -3.390029999999999931e-04 1.343019999999999891e-04 -4.978699999999999966e-03 -4.306080000000000324e-03 -5.739550000000000381e-03 -6.321529999999999684e-03
0.000000000000000000e+00 0.000000000000000000e+00 0.000000000000000000e+00 0.000000000000000000e+00 0.000000000000000000e+00 0.000000000000000000e+00 0.000000000000000000e+00 0.000000000000000000e+00 0.000000000000000000e+00 0.000000000000000000e+00 0.000000000000000000e+00 0.000000000000000000e+00
-1.015959999999999997e-03 -7.170079999999999900e-04 -8.502530000000000331e-04 -8.743699999999999650e-04 -1.436879999999999971e-03 -1.470860000000000049e-03 -1.626679999999999923e-03 -4.898009999999999951e-04 -7.934889999999999999e-03 -7.580019999999999814e-03 -9.932099999999999262e-03 -1.204080000000000081e-02
-7.021430000000000162e-04 -6.713669999999999707e-04 -9.673690000000000414e-04 -9.518629999999999496e-04 -1.711220000000000059e-03 -1.778980000000000101e-03 -1.732510000000000040e-03 -6.587760000000000230e-04 -9.438159999999999258e-03 -8.603480000000000155e-03 -1.131629999999999962e-02 -1.478089999999999959e-02
-3.370860000000000046e-04 -4.470529999999999903e-04 -5.702840000000000036e-04 -4.907839999999999685e-04 -1.539439999999999992e-03 -1.208190000000000045e-03 -9.306460000000000340e-04 -3.804289999999999994e-04 -8.439820000000000655e-03 -7.902090000000000503e-03 -8.663199999999999373e-03 -1.131689999999999953e-02
0.000000000000000000e+00 0.000000000000000000e+00 0.000000000000000000e+00 0.000000000000000000e+00 0.000000000000000000e+00 0.000000000000000000e+00 0.000000000000000000e+00 0.000000000000000000e+00 0.000000000000000000e+00 0.000000000000000000e+00 0.000000000000000000e+00 0.000000000000000000e+00
-9.676100000000000412e-04 -9.210499999999999720e-04 -1.190630000000000030e-03 -1.292710000000000083e-03 -2.087680000000000178e-03 -3.243450000000000152e-03 -2.883099999999999986e-03 -1.621260000000000019e-03 -1.281490000000000060e-02 -1.292440000000000082e-02 -1.710040000000000171e-02 -2.580759999999999998e-02
-9.617500000000000398e-04 -1.212299999999999923e-03 -1.348110000000000020e-03 -1.445169999999999962e-03 -2.283910000000000107e-03 -4.574660000000000358e-03 -3.559779999999999802e-03 -2.698569999999999962e-03 -1.469359999999999937e-02 -1.485329999999999984e-02 -2.114419999999999841e-02 -2.836419999999999914e-02
1.574560000000000049e-05 -1.108789999999999906e-03 -1.388619999999999915e-03 -1.632849999999999926e-03 -2.877750000000000100e-03 -5.690360000000000210e-03 -4.785349999999999847e-03 -4.012869999999999979e-03 -1.058169999999999944e-02 -1.401069999999999920e-02 -1.439589999999999967e-02 -1.770779999999999924e-02
0.000000000000000000e+00 0.000000000000000000e+00 0.000000000000000000e+00 0.000000000000000000e+00 0.000000000000000000e+00 0.000000000000000000e+00 0.000000000000000000e+00 0.000000000000000000e+00 0.000000000000000000e+00 0.000000000000000000e+00 0.000000000000000000e+00 0.000000000000000000e+00
-5.008480000000000267e-04 -1.679099999999999994e-03 -1.614790000000000062e-03 -2.118559999999999801e-03 -6.966550000000000173e-03 -1.158849999999999984e-02 -1.174709999999999990e-02 -1.038769999999999971e-02 -2.608879999999999880e-02 -4.293070000000000219e-02 -2.698060000000000042e-02 -5.050629999999999703e-02
-6.600930000000000512e-04 -2.843909999999999841e-03 -2.131150000000000058e-03 -3.666860000000000085e-03 -2.885729999999999979e-03 -1.682689999999999880e-02 -1.405849999999999982e-02 -1.798790000000000111e-02 -3.456100000000000144e-02 -4.003999999999999920e-02 -3.231610000000000038e-02 -7.460410000000000652e-02
-3.740440000000000258e-04 -3.458689999999999942e-03 -2.253740000000000170e-03 -4.397930000000000415e-03 -3.060520000000000167e-03 -2.214620000000000130e-02 -1.901999999999999871e-02 -2.829040000000000027e-02 -2.348379999999999912e-02 -3.592789999999999873e-02 -1.904130000000000059e-02 -4.839870000000000283e-02
0.000000000000000000e+00 0.000000000000000000e+00 0.000000000000000000e+00 0.000000000000000000e+00 0.000000000000000000e+00 0.000000000000000000e+00 0.000000000000000000e+00 0.000000000000000000e+00 0.000000000000000000e+00 0.000000000000000000e+00 0.000000000000000000e+00 0.000000000000000000e+00
-1.725610000000000034e-03 -9.903179999999999275e-03 -7.459280000000000424e-03 -1.133220000000000061e-02 -7.879970000000000030e-03 -3.869269999999999654e-02 -4.254619999999999930e-02 -6.149299999999999905e-02 -6.754350000000000631e-02 -1.002080000000000054e-01 -6.639689999999999481e-02 -1.568029999999999979e-01
-1.411179999999999943e-03 -1.063809999999999929e-02 -9.475789999999999560e-03 -1.386180000000000051e-02 -8.984479999999999550e-03 -5.234860000000000207e-02 -5.155980000000000285e-02 -7.645580000000000431e-02 -6.861879999999999369e-02 -1.003470000000000056e-01 -6.392349999999999421e-02 -1.301519999999999899e-01
-8.696469999999999765e-04 -1.122730000000000082e-02 -1.026189999999999915e-02 -1.421399999999999920e-02 -9.932379999999999334e-03 -5.074379999999999863e-02 -3.790160000000000057e-02 -6.470249999999999613e-02 -3.085490000000000108e-02 -4.794489999999999863e-02 -2.834539999999999976e-02 -4.923990000000000311e-02
0.000000000000000000e+00 0.000000000000000000e+00 0.000000000000000000e+00 0.000000000000000000e+00 0.000000000000000000e+00 0.000000000000000000e+00 0.000000000000000000e+00 0.000000000000000000e+00 0.000000000000000000e+00 0.000000000000000000e+00 0.000000000000000000e+00 0.000000000000000000e+00
-2.106690000000000038e-03 -1.964930000000000149e-02 -1.893490000000000104e-02 -3.075280000000000027e-02 -1.395399999999999939e-02 -9.792040000000000466e-02 -8.951019999999999810e-02 -1.189999999999999947e-01 -8.626159999999999384e-02 -1.473440000000000027e-01 -1.148359999999999936e-01 -1.491810000000000080e-01
-2.140509999999999982e-03 -2.231870000000000034e-02 -2.267809999999999965e-02 -4.474979999999999930e-02 -1.738639999999999977e-02 -1.061409999999999992e-01 -9.487230000000000663e-02 -1.153330000000000050e-01 -7.565399999999999903e-02 -1.290290000000000048e-01 -1.298650000000000082e-01 -1.197959999999999997e-01
-1.181140000000000011e-03 -1.901829999999999840e-02 -1.366850000000000009e-02 -3.541280000000000122e-02 -1.061710000000000084e-02 -7.329890000000000017e-02 -3.889669999999999933e-02 -7.837879999999999847e-02 -2.199660000000000157e-02 -4.022359999999999824e-02 -4.849210000000000326e-02 -5.124070000000000014e-02
0.000000000000000000e+00 0.000000000000000000e+00 0.000000000000000000e+00 0.000000000000000000e+00 0.000000000000000000e+00 0.000000000000000000e+00 0.000000000000000000e+00 0.000000000000000000e+00 0.000000000000000000e+00 0.000000000000000000e+00 0.000000000000000000e+00 0.000000000000000000e+00
-2.583569999999999877e-03 -2.445100000000000051e-02 -2.166080000000000089e-02 -5.670639999999999709e-02 -1.393920000000000055e-02 -1.264949999999999963e-01 -6.289820000000000133e-02 -1.462749999999999884e-01 -8.027030000000000276e-02 -1.437090000000000034e-01 -1.518899999999999972e-01 -1.473289999999999877e-01
-2.363490000000000209e-03 -1.728230000000000044e-02 -1.000430000000000069e-02 -4.759059999999999679e-02 -8.967209999999999764e-03 -9.631270000000000109e-02 -4.247739999999999849e-02 -1.320280000000000065e-01 -5.624959999999999682e-02 -9.405059999999999809e-02 -9.347250000000000003e-02 -1.054429999999999951e-01
-1.714260000000000003e-03 -8.089330000000000478e-03 -4.106630000000000003e-03 -2.296940000000000093e-02 -5.435520000000000108e-03 -3.681969999999999688e-02 -1.579109999999999889e-02 -6.328809999999999991e-02 -2.111210000000000170e-02 -1.882189999999999905e-02 -2.824350000000000124e-02 -4.005140000000000089e-02
0.000000000000000000e+00 0.000000000000000000e+00 0.000000000000000000e+00 0.000000000000000000e+00 0.000000000000000000e+00 0.000000000000000000e+00 0.000000000000000000e+00 0.000000000000000000e+00 0.000000000000000000e+00 0.000000000000000000e+00 0.000000000000000000e+00 0.000000000000000000e+00
-1.998789999999999855e-03 -4.077220000000000323e-03 -4.167399999999999924e-03 -2.823929999999999843e-02 -2.148390000000000022e-03 -2.413689999999999933e-02 -1.614379999999999982e-02 -6.864009999999999556e-02 -3.753440000000000248e-02 -5.826549999999999785e-02 -5.902720000000000189e-02 -7.505720000000000447e-02
-1.046510000000000062e-03 -1.264190000000000105e-03 -3.201040000000000049e-03 -8.529860000000000220e-03 -3.678269999999999869e-04 -6.178130000000000427e-03 -1.965010000000000021e-02 3.914029999999999898e+00 -1.827410000000000145e-02 -2.353859999999999980e-02 -3.143390000000000073e-02 -5.320509999999999823e-02
7.677460000000000317e-04 1.540930000000000034e-04 -1.131169999999999919e-03 -1.264200000000000046e-03 1.159679999999999956e-03 -6.648570000000000348e-04 -9.035889999999999981e-04 -6.552869999999999702e-03 -7.115700000000000193e-04 -3.827169999999999747e-04 -1.999920000000000083e-03 -1.608769999999999992e-02
0.000000000000000000e+00 0.000000000000000000e+00 0.000000000000000000e+00 0.000000000000000000e+00 0.000000000000000000e+00 0.000000000000000000e+00 0.000000000000000000e+00 0.000000000000000000e+00 0.000000000000000000e+00 0.000000000000000000e+00 0.000000000000000000e+00 0.000000000000000000e+00
1.189879999999999931e-03 -1.871510000000000111e-04 1.917979999999999902e-03 -6.975050000000000000e-03 2.086629999999999908e-03 -1.198089999999999962e-03 -5.361490000000000060e-05 -4.717450000000000115e-02 -1.319059999999999937e-03 -9.458960000000000631e-03 -3.112380000000000008e-02 -1.365649999999999920e-01
1.374659999999999988e-03 5.822610000000000416e-04 2.899570000000000185e-03 -1.579560000000000035e-03 1.109979999999999994e-03 1.835119999999999872e-04 6.306569999999999624e-04 7.761650000000000146e-03 -3.950050000000000089e-03 -5.604010000000000415e-03 -8.292190000000000671e-02 -5.950210000000000221e-02
6.690449999999999479e-04 3.644769999999999868e-04 6.132499999999999713e-04 5.425739999999999860e-04 3.416089999999999882e-04 7.124959999999999627e-04 5.306109999999999516e-04 -9.954229999999999730e-05 -2.504549999999999932e-05 1.101669999999999906e-03 -1.984319999999999921e-03 -2.701310000000000169e-02
0.000000000000000000e+00 0.000000000000000000e+00 0.000000000000000000e+00 0.000000000000000000e+00 0.000000000000000000e+00 0.000000000000000000e+00 0.000000000000000000e+00 0.000000000000000000e+00 0.000000000000000000e+00 0.000000000000000000e+00 0.000000000000000000e+00 0.000000000000000000e+00
1.412580000000000086e-03 1.057699999999999960e-03 1.616229999999999967e-03 -5.168510000000000291e-03 2.815269999999999925e-03 1.481700000000000074e-03 7.772970000000000356e-04 -1.970089999999999862e-03 -1.724660000000000038e-03 -4.200419999999999848e-03 -1.603110000000000090e-01 1.706770000000000162e-02
6.993179999999999882e-04 4.395840000000000251e-04 2.259170000000000122e+00 9.740629999999999471e-04 -4.736950000000000107e-05 5.105869999999999550e-04 -4.815680000000000134e-03 -1.121990000000000010e-04 -3.961349999999999767e-03 -6.997090000000000080e-03 -6.056020000000000153e-02 6.723749999999999692e-03
7.294369999999999890e-04 7.275659999999999387e-05 1.589700000000000043e-04 -4.782340000000000023e-05 2.793930000000000025e-03 4.245920000000000250e-03 3.783889999999999823e-03 2.726080000000000083e-03 8.044280000000000441e-04 -8.511379999999999814e-04 -1.024150000000000060e-02 -3.691740000000000299e-02
0.000000000000000000e+00 0.000000000000000000e+00 0.000000000000000000e+00 0.000000000000000000e+00 0.000000000000000000e+00 0.000000000000000000e+00 0.000000000000000000e+00 0.000000000000000000e+00 0.000000000000000000e+00 0.000000000000000000e+00 0.000000000000000000e+00 0.000000000000000000e+00
4.671090000000000029e-04 -2.423609999999999925e-04 -1.053770000000000097e-03 -3.599209999999999909e-01 -7.110659999999999984e-04 -1.474009999999999990e-03 -5.486289999999999917e-02 -2.998829999999999898e-02 -1.313609999999999951e-02 -3.719019999999999965e-02 -1.785410000000000053e-01 -3.894330000000000014e-02
-2.410540000000000133e-05 -1.565640000000000087e-03 -2.886950000000000106e-03 -2.888829999999999783e-03 -4.698100000000000193e-03 -7.294079999999999661e-03 -4.708989999999999704e-02 -5.349629999999999663e-02 -2.329269999999999952e-02 -7.122230000000000227e-02 -9.108919999999999517e-02 -5.514840000000000020e-02
-2.097140000000000050e-04 -1.343599999999999916e-03 -2.084009999999999856e-03 -1.080350000000000104e-03 -6.135350000000000352e-03 -6.574919999999999723e-03 -3.359870000000000217e-02 -2.939229999999999968e-02 -9.119369999999999907e-03 -1.757430000000000103e-02 -1.197439999999999963e-02 -1.168360000000000058e-02
0.000000000000000000e+00 0.000000000000000000e+00 0.000000000000000000e+00 0.000000000000000000e+00 0.000000000000000000e+00 0.000000000000000000e+00 0.000000000000000000e+00 0.000000000000000000e+00 0.000000000000000000e+00 0.000000000000000000e+00 0.000000000000000000e+00 0.000000000000000000e+00
-1.381709999999999969e-03 -3.842200000000000042e-03 -7.005810000000000336e-03 -6.936480000000000076e-03 -7.645749999999999769e-03 -9.402900000000000494e-03 -1.006959999999999938e-01 -7.541009999999999380e-02 -2.653650000000000106e-02 -1.085549999999999987e-01 -1.219469999999999998e-01 -7.924440000000000650e-02
-2.182569999999999996e-03 -5.178470000000000122e-03 -9.497999999999999499e-03 -6.648989999999999588e-03 -5.864340000000000004e-03 -8.265869999999999815e-03 -1.038960000000000022e-01 -6.974460000000000381e-02 -1.590190000000000006e-02 -7.803519999999999901e-02 -9.916279999999999539e-02 -6.626550000000000495e-02
-2.205209999999999983e-03 -4.810400000000000266e-03 -9.054180000000000214e-03 -3.355379999999999821e-03 -4.580220000000000298e-03 -5.706840000000000350e-03 -5.255089999999999761e-02 -3.393399999999999889e-02 -2.280980000000000160e-03 -1.383020000000000083e-02 -1.818559999999999968e-02 -1.421479999999999966e-02
0.000000000000000000e+00 0.000000000000000000e+00 0.000000000000000000e+00 0.000000000000000000e+00 0.000000000000000000e+00 0.000000000000000000e+00 0.000000000000000000e+00 0.000000000000000000e+00 0.000000000000000000e+00 0.000000000000000000e+00 0.000000000000000000e+00 0.000000000000000000e+00
-4.614230000000000415e-03 -8.640449999999999173e-03 -1.910099999999999992e-02 -1.012820000000000040e-02 -4.047590000000000215e-03 -8.890959999999999835e-03 -1.340510000000000035e-01 -8.510230000000000572e-02 -1.219429999999999993e-02 -1.030500000000000027e-01 -1.319589999999999930e-01 -1.190869999999999984e-01
-4.880889999999999708e-03 -8.997879999999999767e-03 -1.946490000000000026e-02 -8.767880000000000465e-03 -3.014989999999999944e-03 -8.140170000000000392e-03 -1.155329999999999968e-01 -8.119120000000000503e-02 -1.111159999999999926e-02 -7.823149999999999549e-02 -9.453849999999999754e-02 -8.520339999999999858e-02
-2.873280000000000192e-03 -6.167409999999999906e-03 -1.116039999999999914e-02 -1.480690000000000001e-03 -1.581820000000000058e-03 -5.534520000000000238e-03 -4.400960000000000288e-02 -2.601360000000000131e-02 -4.096739999999999757e-03 -1.437779999999999961e-02 -1.017709999999999969e-02 -1.054919999999999990e-02
0.000000000000000000e+00 0.000000000000000000e+00 0.000000000000000000e+00 0.000000000000000000e+00 0.000000000000000000e+00 0.000000000000000000e+00 0.000000000000000000e+00 0.000000000000000000e+00 0.000000000000000000e+00 0.000000000000000000e+00 0.000000000000000000e+00 0.000000000000000000e+00
-5.190010000000000109e-03 -1.130910000000000075e-02 -1.927639999999999909e-02 -8.210300000000000237e-03 -1.081280000000000002e-03 -9.959430000000000019e-03 -9.189200000000000146e-02 -7.310120000000000506e-02 -1.208870000000000083e-02 -1.106530000000000014e-01 -1.398320000000000118e-01 -1.160250000000000031e-01
-4.555469999999999832e-03 -9.247119999999999299e-03 -1.359160000000000056e-02 -6.212839999999999856e-03 -1.038569999999999945e-03 -9.118569999999999454e-03 -7.264660000000000561e-02 -5.894869999999999971e-02 -8.424910000000000732e-03 -7.411769999999999470e-02 -9.691489999999999827e-02 -8.083840000000000470e-02
-3.492359999999999909e-03 -5.160930000000000205e-03 -7.125880000000000235e-03 -1.354299999999999905e-03 -3.514120000000000026e-04 -4.581609999999999849e-03 -1.502460000000000080e-02 -1.816999999999999865e-02 -3.223039999999999933e-03 -1.157610000000000063e-02 -6.805020000000000166e-03 -5.684289999999999829e-03
0.000000000000000000e+00 0.000000000000000000e+00 0.000000000000000000e+00 0.000000000000000000e+00 0.000000000000000000e+00 0.000000000000000000e+00 0.000000000000000000e+00 0.000000000000000000e+00 0.000000000000000000e+00 0.000000000000000000e+00 0.000000000000000000e+00 0.000000000000000000e+00
-3.857209999999999805e-03 -6.193709999999999841e-03 -1.067189999999999979e-02 -3.395229999999999949e-03 8.285280000000000064e-05 -8.915170000000000039e-03 -6.783119999999999428e-02 -5.428530000000000161e-02 -7.549460000000000025e-03 -7.485830000000000262e-02 -1.294569999999999887e-01 -1.044859999999999955e-01
-2.918510000000000028e-03 -4.428490000000000204e-03 -8.907230000000000356e-03 -1.808790000000000007e-03 -1.203129999999999955e-03 -5.707760000000000090e-03 -4.464300000000000213e-02 -4.528170000000000112e-02 -8.099359999999999893e-03 -4.012389999999999707e-02 -7.931169999999999887e-02 -6.707539999999999336e-02
-1.053719999999999960e-03 -1.807680000000000094e-03 -3.539280000000000117e-03 -1.237840000000000034e-03 -1.163659999999999955e-03 -1.812940000000000081e-03 -1.143450000000000022e-02 -5.455609999999999626e-03 -4.211730000000000335e-03 -4.591679999999999894e-03 -3.928850000000000224e-03 -2.405660000000000003e-03
0.000000000000000000e+00 0.000000000000000000e+00 0.000000000000000000e+00 0.000000000000000000e+00 0.000000000000000000e+00 0.000000000000000000e+00 0.000000000000000000e+00 0.000000000000000000e+00 0.000000000000000000e+00 0.000000000000000000e+00 0.000000000000000000e+00 0.000000000000000000e+00
-1.101800000000000002e-03 -2.080069999999999836e-03 -4.671200000000000352e-03 -2.570989999999999994e-03 -6.822179999999999521e-04 -5.667440000000000151e-03 -4.305699999999999805e-02 -6.275609999999999522e-02 -9.643270000000000661e-03 -3.170429999999999776e-02 -1.181600000000000011e-01 -8.304789999999999395e-02
-1.104839999999999945e-03 -2.323330000000000187e-03 -4.085680000000000388e-03 2.059199999999999919e-01 -8.513960000000000321e-04 -2.268459999999999921e-02 -2.248829999999999926e-02 -5.835390000000000021e-02 -1.053920000000000030e-02 -1.498329999999999974e-02 -5.055359999999999715e-02 -4.419800000000000118e-02
-7.724929999999999644e-04 -1.322969999999999919e-03 -2.535570000000000011e-03 3.832829999999999961e-04 9.724129999999999883e-04 3.804939999999999928e-04 -3.411260000000000160e-03 -1.145900000000000044e-02 -8.418439999999999257e-03 1.617509999999999955e-03 -1.005379999999999946e-03 -1.532209999999999996e-03
0.000000000000000000e+00 0.000000000000000000e+00 0.000000000000000000e+00 0.000000000000000000e+00 0.000000000000000000e+00 0.000000000000000000e+00 0.000000000000000000e+00 0.000000000000000000e+00 0.000000000000000000e+00 0.000000000000000000e+00 0.000000000000000000e+00 0.000000000000000000e+00
-1.405180000000000014e-03 -2.243059999999999846e-03 -2.801389999999999957e-03 -4.139020000000000199e-02 -7.623089999999999684e-04 1.017689999999999914e-03 -3.105360000000000065e-02 -4.372159999999999935e-02 -4.069389999999999986e-03 -1.044950000000000045e-02 -7.975740000000000607e-02 -5.842989999999999989e-02
-1.424979999999999953e-03 -2.436119999999999952e-03 -2.492160000000000208e-03 -5.382819999999999966e-03 -1.353959999999999973e-03 -2.224489999999999974e-03 -3.317860000000000253e-02 -3.678189999999999932e-02 -3.334220000000000152e-03 -1.296899999999999963e-02 -6.024550000000000044e-02 -5.276770000000000072e-02
-4.767360000000000109e-04 -1.282960000000000090e-03 -6.711630000000000113e-04 -2.552920000000000189e-03 -1.526250000000000046e-03 -1.135530000000000046e-03 -1.261520000000000002e-02 -1.450689999999999966e-02 -4.161559999999999912e-04 -9.596739999999999871e-04 -4.404830000000000204e-03 -9.406710000000000418e-03
0.000000000000000000e+00 0.000000000000000000e+00 0.000000000000000000e+00 0.000000000000000000e+00 0.000000000000000000e+00 0.000000000000000000e+00 0.000000000000000000e+00 0.000000000000000000e+00 0.000000000000000000e+00 0.000000000000000000e+00 0.000000000000000000e+00 0.000000000000000000e+00
-9.624180000000000408e-04 -3.350539999999999942e-03 -8.961560000000000359e-03 -8.504690000000000513e-03 -2.935010000000000049e-03 -3.861900000000000142e-03 -5.090510000000000174e-02 -6.082379999999999731e-02 -2.931879999999999990e-03 -1.108010000000000071e-02 -9.882480000000000431e-02 -7.872450000000000281e-02
-7.460859999999999714e-04 -2.782429999999999799e-03 -3.791329999999999874e-03 -7.009289999999999618e-03 -5.516980000000000321e-03 -4.960850000000000155e-03 -4.860710000000000031e-02 -5.112060000000000215e-02 -5.459989999999999635e-03 -2.251939999999999845e-02 -7.136810000000000376e-02 -4.988259999999999916e-02
3.313459999999999951e-05 -1.213880000000000080e-03 -1.650229999999999926e-03 -2.702219999999999969e-03 -2.988220000000000199e-03 -3.391219999999999912e-03 -1.258770000000000028e-02 -1.304310000000000018e-02 -7.551579999999999578e-03 -6.065850000000000235e-03 -1.205220000000000076e-02 -8.075099999999999986e-03
0.000000000000000000e+00 0.000000000000000000e+00 0.000000000000000000e+00 0.000000000000000000e+00 0.000000000000000000e+00 0.000000000000000000e+00 0.000000000000000000e+00 0.000000000000000000e+00 0.000000000000000000e+00 0.000000000000000000e+00 0.000000000000000000e+00 0.000000000000000000e+00
-9.947179999999999044e-04 -1.635179999999999967e-03 -3.976750000000000250e-03 -5.411499999999999644e-03 -5.377800000000000288e-03 -8.096129999999999993e-03 -6.116619999999999696e-02 -6.306209999999999594e-02 -2.370480000000000156e-02 -4.242490000000000150e-02 -7.211779999999999580e-02 -6.171800000000000203e-02
-8.749749999999999498e-04 -1.125719999999999976e-03 -3.266069999999999824e-03 -4.245920000000000250e-03 -3.267780000000000077e-03 -8.887950000000000364e-03 -4.894199999999999939e-02 -5.950810000000000127e-02 -1.462199999999999958e-02 -2.799079999999999971e-02 -5.778969999999999940e-02 -5.065200000000000258e-02
-6.644119999999999670e-04 -1.452419999999999894e-04 -1.786269999999999959e-03 -1.389000000000000044e-03 -9.087350000000000332e-04 -6.102559999999999929e-03 -2.188460000000000058e-02 -2.600310000000000121e-02 -6.486350000000000102e-03 -7.406160000000000174e-03 -1.183150000000000000e-02 -1.201460000000000028e-02
0.000000000000000000e+00 0.000000000000000000e+00 0.000000000000000000e+00 0.000000000000000000e+00 0.000000000000000000e+00 0.000000000000000000e+00 0.000000000000000000e+00 0.000000000000000000e+00 0.000000000000000000e+00 0.000000000000000000e+00 0.000000000000000000e+00 0.000000000000000000e+00
1.717940000000000023e-01 1.331219999999999903e-01 6.393490000000000284e-02 1.040630000000000027e-01 -9.273639999999999661e-02 -8.776029999999999942e-02 1.481709999999999972e-02 1.442240000000000015e-02 -9.887179999999999580e-02 -1.976340000000000041e-01 -6.763510000000000355e-02 -4.202339999999999964e-01
1.720230000000000092e-01 1.330600000000000116e-01 6.352629999999999388e-02 1.036939999999999945e-01 -9.307129999999999570e-02 -8.798680000000000390e-02 3.873519999999999741e-02 1.406370000000000016e-02 -1.006859999999999977e-01 -1.990290000000000115e-01 -1.100990000000000024e-01 -4.208189999999999986e-01
1.643000000000000016e-01 1.257159999999999944e-01 5.629300000000000276e-02 9.562759999999999316e-02 -1.002989999999999993e-01 -9.546200000000000518e-02 4.550900000000000084e-03 3.302639999999999916e-03 -1.118340000000000029e-01 -2.090740000000000098e-01 -8.251450000000000451e-02 -4.296960000000000224e-01
1.557300000000000073e-01 1.183209999999999956e-01 4.898620000000000058e-02 8.781590000000000229e-02 -1.073719999999999952e-01 -1.025989999999999958e-01 -4.984889999999999634e-03 -7.815860000000000862e-03 -1.276940000000000019e-01 -2.257069999999999910e-01 -9.838260000000000061e-02 -4.439270000000000160e-01
1.478220000000000089e-01 1.113159999999999983e-01 4.130389999999999756e-02 7.963180000000000258e-02 -1.141009999999999941e-01 -1.094210000000000044e-01 -1.473099999999999930e-02 -1.828750000000000167e-02 -1.509020000000000084e-01 -2.475459999999999883e-01 -1.204479999999999995e-01 -4.617169999999999885e-01
1.495700000000000085e-01 1.112550000000000067e-01 4.228780000000000039e-02 8.005919999999999703e-02 -1.112279999999999935e-01 -1.081690000000000013e-01 -1.217179999999999998e-02 -1.573950000000000002e-02 -1.278640000000000054e-01 -2.229990000000000028e-01 -1.009420000000000039e-01 -4.395729999999999915e-01
1.424199999999999910e-01 1.045289999999999969e-01 3.559820000000000345e-02 7.263070000000000637e-02 -1.174400000000000027e-01 -1.149499999999999966e-01 -2.125579999999999831e-02 -2.519959999999999908e-02 -1.390200000000000047e-01 -2.348480000000000012e-01 -1.134509999999999963e-01 -4.491120000000000112e-01
1.337639999999999940e-01 9.696240000000000414e-02 2.733129999999999935e-02 6.399349999999999483e-02 -1.250690000000000135e-01 -1.223250000000000032e-01 -3.147049999999999847e-02 -3.538550000000000029e-02 -1.648489999999999955e-01 -2.613920000000000132e-01 -1.381830000000000003e-01 -4.738129999999999842e-01
1.256289999999999907e-01 8.853260000000000296e-02 1.857220000000000051e-02 5.436049999999999910e-02 -1.318709999999999882e-01 -1.292999999999999983e-01 -4.204249999999999654e-02 -4.489449999999999691e-02 -1.958000000000000018e-01 -2.908629999999999827e-01 -1.650749999999999995e-01 -5.005549999999999722e-01
1.284349999999999936e-01 9.083979999999999833e-02 2.200780000000000097e-02 5.754270000000000218e-02 -1.266130000000000033e-01 -1.260739999999999916e-01 -3.609659999999999952e-02 -4.224590000000000289e-02 -1.508599999999999941e-01 -2.425930000000000031e-01 -1.290030000000000066e-01 -4.545339999999999936e-01
1.204240000000000033e-01 8.336129999999999929e-02 1.465900000000000016e-02 4.933629999999999960e-02 -1.332160000000000011e-01 -1.335600000000000120e-01 -4.564069999999999933e-02 -5.156310000000000060e-02 -1.639599999999999946e-01 -2.569319999999999937e-01 -1.432539999999999925e-01 -4.664090000000000180e-01
1.108429999999999971e-01 7.380549999999999611e-02 5.269109999999999593e-03 3.850259999999999794e-02 -1.437769999999999881e-01 -1.431779999999999997e-01 -5.774250000000000216e-02 -6.043409999999999754e-02 -2.000200000000000033e-01 -2.939849999999999963e-01 -1.786840000000000095e-01 -5.062940000000000218e-01
1.020260000000000056e-01 6.369389999999999774e-02 -4.091850000000000175e-03 2.741649999999999990e-02 -1.543869999999999965e-01 -1.519719999999999960e-01 -6.885560000000000291e-02 -6.851970000000000283e-02 -2.415990000000000082e-01 -3.268389999999999906e-01 -2.215449999999999919e-01 -5.358309999999999462e-01
1.072660000000000002e-01 7.065440000000000609e-02 1.962649999999999811e-03 3.532359999999999667e-02 -1.422869999999999968e-01 -1.446340000000000126e-01 -6.011060000000000014e-02 -6.828380000000000560e-02 -1.745420000000000027e-01 -2.632740000000000080e-01 -1.570419999999999872e-01 -4.721219999999999861e-01
9.558529999999999804e-02 5.989950000000000135e-02 -8.531419999999999629e-03 2.350700000000000012e-02 -1.527900000000000091e-01 -1.565000000000000002e-01 -7.457909999999999540e-02 -8.065360000000000584e-02 -1.966269999999999962e-01 -2.858399999999999830e-01 -1.803800000000000125e-01 -4.949799999999999756e-01
8.114090000000000191e-02 4.453460000000000057e-02 -2.280410000000000076e-02 7.055930000000000188e-03 -1.711040000000000061e-01 -1.722269999999999912e-01 -9.214930000000000343e-02 -9.143139999999999601e-02 -2.459880000000000122e-01 -3.310589999999999922e-01 -2.330119999999999969e-01 -5.549969999999999626e-01
6.878739999999999855e-02 3.213049999999999934e-02 -3.460919999999999969e-02 -5.709920000000000273e-03 -1.856299999999999895e-01 -1.858380000000000032e-01 -1.068950000000000039e-01 -1.026679999999999954e-01 -2.965139999999999998e-01 -3.796140000000000070e-01 -2.985909999999999953e-01 -6.071119999999999850e-01
7.998070000000000179e-02 4.435120000000000035e-02 -2.459280000000000146e-02 5.930640000000000044e-03 -1.632959999999999967e-01 -1.694330000000000003e-01 -9.233089999999999353e-02 -1.019160000000000066e-01 -2.080760000000000109e-01 -2.912600000000000189e-01 -1.972319999999999907e-01 -4.983020000000000227e-01
6.657040000000000179e-02 3.167810000000000070e-02 -3.737390000000000156e-02 -8.198209999999999179e-03 -1.759960000000000135e-01 -1.850189999999999890e-01 -1.104070000000000051e-01 -1.166100000000000053e-01 -2.366030000000000078e-01 -3.192670000000000230e-01 -2.296980000000000133e-01 -5.326689999999999481e-01
5.120740000000000014e-02 1.558009999999999950e-02 -5.399049999999999683e-02 -2.542029999999999984e-02 -1.978459999999999941e-01 -2.079769999999999952e-01 -1.337369999999999948e-01 -1.325870000000000104e-01 -3.010180000000000078e-01 -3.767539999999999778e-01 -3.064580000000000082e-01 -6.242210000000000258e-01
4.090520000000000267e-02 3.837800000000000152e-03 -6.685119999999999951e-02 -3.871279999999999860e-02 -2.161720000000000030e-01 -2.274980000000000058e-01 -1.535289999999999988e-01 -1.503889999999999949e-01 -3.525479999999999725e-01 -4.314899999999999847e-01 -3.931799999999999740e-01 -7.054660000000000375e-01
5.431169999999999748e-02 1.891599999999999879e-02 -5.034879999999999911e-02 -2.282889999999999919e-02 -1.823730000000000073e-01 -1.930419999999999914e-01 -1.229009999999999964e-01 -1.361239999999999950e-01 -2.381189999999999973e-01 -3.174629999999999952e-01 -2.349249999999999949e-01 -5.223069999999999657e-01
4.038900000000000129e-02 4.823520000000000411e-03 -6.490210000000000423e-02 -3.916700000000000043e-02 -1.962669999999999970e-01 -2.120140000000000080e-01 -1.449560000000000015e-01 -1.562790000000000012e-01 -2.718849999999999878e-01 -3.525449999999999973e-01 -2.780270000000000241e-01 -5.727189999999999781e-01
2.739979999999999846e-02 -1.242039999999999984e-02 -8.419409999999999394e-02 -6.030560000000000087e-02 -2.187659999999999882e-01 -2.494250000000000078e-01 -1.806780000000000053e-01 -1.880549999999999999e-01 -3.652819999999999956e-01 -4.336729999999999752e-01 -3.879900000000000015e-01 -7.107670000000000377e-01
5.097659999999999692e-02 1.316499999999999962e-02 -5.390459999999999696e-02 -3.073019999999999918e-02 -2.059479999999999922e-01 -2.464540000000000064e-01 -1.686519999999999964e-01 -1.799870000000000081e-01 -4.255200000000000093e-01 -4.372579999999999800e-01 -2.745979999999999862e-03 2.016570000000000168e-02
2.981160000000000060e-02 -6.963529999999999894e-03 -7.676750000000000240e-02 -5.238070000000000226e-02 -2.010629999999999917e-01 -2.159290000000000098e-01 -1.541649999999999965e-01 -1.726939999999999864e-01 -2.662010000000000209e-01 -3.425320000000000031e-01 -2.733180000000000054e-01 -5.503339999999999899e-01
1.333720000000000044e-02 -2.785050000000000026e-02 -9.792969999999999453e-02 -7.651990000000000181e-02 -2.192439999999999944e-01 -2.431109999999999938e-01 -1.881770000000000109e-01 -2.075950000000000017e-01 -3.159759999999999791e-01 -3.979550000000000032e-01 -3.351640000000000175e-01 -6.274920000000000497e-01
-1.054959999999999926e-02 -7.617480000000000084e-02 -1.427430000000000088e-01 -1.364319999999999977e-01 -2.553619999999999779e-01 -3.405000000000000249e-01 -2.854940000000000255e-01 -3.213099999999999845e-01 -4.915100000000000025e-01 -5.688050000000000050e-01 -5.206239999999999757e-01 -8.967559999999999976e-01
-3.328180000000000027e-02 -1.354740000000000111e-01 -1.943890000000000062e-01 -2.087990000000000124e-01 -3.087019999999999764e-01 -5.246819999999999817e-01 -4.680619999999999781e-01 -5.476259999999999462e-01 -6.796010000000000106e-01 -8.490029999999999522e-01 -6.935630000000000406e-01 -1.127259999999999929e+00
-1.784490000000000035e-02 -6.334770000000000678e-02 -1.357889999999999930e-01 -1.177040000000000031e-01 -2.388899999999999912e-01 -2.657430000000000070e-01 -2.239309999999999912e-01 -2.514520000000000088e-01 -3.255830000000000113e-01 -4.119499999999999829e-01 -3.636469999999999980e-01 -6.170590000000000241e-01
-4.228660000000000058e-02 -1.052519999999999983e-01 -1.797380000000000089e-01 -1.672359999999999958e-01 -2.701600000000000112e-01 -3.200089999999999879e-01 -2.935590000000000144e-01 -3.253820000000000046e-01 -4.181529999999999969e-01 -5.368749999999999911e-01 -4.738789999999999947e-01 -7.660869999999999624e-01
-6.870089999999999530e-02 -1.863660000000000039e-01 -2.595830000000000082e-01 -2.606720000000000148e-01 -3.454470000000000041e-01 -4.904700000000000171e-01 -4.754780000000000117e-01 -5.381059999999999732e-01 -6.673820000000000308e-01 -8.400130000000000097e-01 -7.244450000000000056e-01 -1.087530000000000108e+00
-9.303820000000000146e-02 -2.795500000000000207e-01 -3.493439999999999879e-01 -3.844850000000000212e-01 -4.622550000000000270e-01 -7.730820000000000469e-01 -7.282229999999999537e-01 -8.522889999999999633e-01 -7.984480000000000466e-01 -9.608520000000000394e-01 -7.660299999999999887e-01 -1.193130000000000024e+00
-7.176659999999999984e-02 -1.249979999999999980e-01 -2.031679999999999875e-01 -1.928640000000000077e-01 -2.817549999999999777e-01 -3.185870000000000091e-01 -2.989669999999999828e-01 -3.286800000000000277e-01 -3.942910000000000026e-01 -4.977460000000000218e-01 -4.594360000000000110e-01 -6.464010000000000034e-01
-9.714059999999999362e-02 -1.704440000000000122e-01 -2.539460000000000051e-01 -2.548239999999999950e-01 -3.192119999999999957e-01 -3.901270000000000016e-01 -3.992510000000000225e-01 -4.177420000000000022e-01 -5.036500000000000421e-01 -6.267869999999999830e-01 -5.996120000000000339e-01 -7.649970000000000381e-01
-1.263779999999999903e-01 -2.784380000000000188e-01 -3.548649999999999860e-01 -4.076980000000000048e-01 -4.134129999999999749e-01 -6.365279999999999827e-01 -6.481630000000000447e-01 -6.806269999999999820e-01 -7.644180000000000419e-01 -9.541589999999999794e-01 -9.152299999999999880e-01 -1.040650000000000075e+00
-1.554310000000000136e-01 -4.244229999999999947e-01 -4.658979999999999788e-01 -6.283320000000000016e-01 -5.087679999999999980e-01 -9.544789999999999663e-01 -8.422589999999999799e-01 -1.004950000000000010e+00 -8.134289999999999576e-01 -1.050289999999999946e+00 -1.049909999999999899e+00 -1.224110000000000031e+00
-1.231960000000000000e-01 -1.737809999999999910e-01 -2.605979999999999963e-01 -2.569529999999999870e-01 -3.134049999999999891e-01 -3.534329999999999972e-01 -3.528410000000000157e-01 -3.774839999999999862e-01 -4.500609999999999888e-01 -5.274799999999999489e-01 -5.475200000000000067e-01 -6.248759999999999870e-01
-1.493889999999999940e-01 -2.171589999999999909e-01 -3.060459999999999847e-01 -3.216049999999999742e-01 -3.430619999999999781e-01 -4.296409999999999951e-01 -4.303819999999999868e-01 -4.667999999999999927e-01 -5.482909999999999728e-01 -6.622090000000000476e-01 -6.920950000000000157e-01 -7.327420000000000044e-01
-1.813210000000000099e-01 -2.931980000000000142e-01 -3.613620000000000165e-01 -4.640230000000000188e-01 -4.090799999999999992e-01 -6.444649999999999546e-01 -5.609739999999999727e-01 -7.336979999999999613e-01 -7.522219999999999462e-01 -9.429100000000000259e-01 -9.402340000000000142e-01 -9.834730000000000416e-01
-2.083089999999999942e-01 -3.228820000000000023e-01 -3.759069999999999911e-01 -5.667710000000000248e-01 -4.494549999999999934e-01 -7.816279999999999895e-01 -6.368260000000000032e-01 -9.531199999999999672e-01 -8.612060000000000271e-01 -1.020710000000000006e+00 -1.049160000000000093e+00 -1.121739999999999959e+00
-1.726499999999999979e-01 -2.100770000000000137e-01 -2.923549999999999760e-01 -2.881619999999999737e-01 -3.352939999999999809e-01 -3.772190000000000265e-01 -3.602400000000000047e-01 -4.111130000000000062e-01 -4.809160000000000101e-01 -5.407509999999999817e-01 -5.537349999999999772e-01 -6.005099999999999882e-01
-1.921309999999999962e-01 -2.291729999999999878e-01 -3.063509999999999844e-01 -1.086109999999999909e+00 -3.454349999999999921e-01 -3.954469999999999930e-01 -3.806149999999999811e-01 -4.645920000000000050e-01 -5.329679999999999973e-01 -6.043100000000000138e-01 -6.078459999999999974e-01 -6.642689999999999984e-01
-2.036489999999999967e-01 -2.419499999999999984e-01 -3.184049999999999936e-01 -3.690260000000000207e-01 -3.345060000000000255e-01 -4.199320000000000275e-01 -4.187020000000000186e-01 -5.556210000000000315e-01 -5.921840000000000437e-01 -6.738100000000000200e-01 -6.571249999999999591e-01 -7.215219999999999967e-01
-2.065809999999999869e-01 -2.375510000000000121e-01 -3.205609999999999848e-01 -3.396410000000000262e-01 -3.059799999999999742e-01 -3.734239999999999782e-01 -3.629290000000000016e-01 -5.140400000000000524e-01 -5.040409999999999613e-01 -5.501279999999999504e-01 -5.133820000000000050e-01 -5.045199999999999685e-01
-2.118059999999999943e-01 -2.327529999999999877e-01 -3.073580000000000201e-01 -3.063640000000000252e-01 -3.181570000000000231e-01 -3.328639999999999932e-01 -3.277180000000000093e-01 -3.736439999999999761e-01 -4.094679999999999986e-01 -4.245019999999999905e-01 -4.148310000000000053e-01 -4.079809999999999826e-01
-2.152260000000000006e-01 -2.347740000000000105e-01 -2.503810000000000202e-01 -4.486989999999999590e+00 -2.978190000000000004e-01 -3.075729999999999853e-01 -3.183860000000000023e-01 2.341310000000000058e-01 -3.940119999999999734e-01 -4.219280000000000252e-01 -1.090639999999999965e+01 -4.162299999999999889e-01
-2.143930000000000002e-01 -2.376649999999999874e-01 -3.003870000000000151e-01 -3.046470000000000011e-01 -2.864740000000000064e-01 -2.972830000000000195e-01 -2.966159999999999908e-01 -3.690780000000000172e-01 -4.158890000000000087e-01 -4.256380000000000163e-01 -3.930890000000000217e-01 -3.770749999999999935e-01
-2.233459999999999890e-01 -2.440589999999999982e-01 -2.996289999999999787e-01 -3.023609999999999909e-01 -2.891839999999999966e-01 -2.892620000000000191e-01 -2.856020000000000225e-01 -3.566849999999999743e-01 -4.131159999999999832e-01 -4.277699999999999836e-01 -3.707579999999999765e-01 -3.900629999999999931e-01
-2.471079999999999943e-01 -2.637920000000000265e-01 -3.311339999999999839e-01 6.399489999999999901e-01 -3.268490000000000006e-01 -3.257430000000000048e-01 -3.324090000000000100e-01 -1.523319999999999952e-01 -4.073930000000000051e-01 -4.012780000000000236e-01 -4.339060000000000139e-01 -5.322550000000000336e-01
-2.448559999999999903e-01 -2.606330000000000036e-01 -3.236319999999999752e-01 -3.329639999999999822e-01 -3.067719999999999891e-01 -3.053379999999999983e-01 -3.093989999999999796e-01 -3.707670000000000132e-01 -3.857410000000000005e-01 -3.891209999999999947e-01 -4.685679999999999845e-01 -3.909989999999999855e-01
-2.538090000000000068e-01 -2.693570000000000131e-01 -3.310509999999999842e-01 -3.292149999999999799e-01 -3.199040000000000217e-01 -2.992619999999999725e-01 -3.176899999999999724e-01 -3.813710000000000155e-01 -4.164900000000000269e-01 -4.271719999999999962e-01 -3.934750000000000192e-01 -4.105829999999999758e-01
-2.765989999999999838e-01 -2.977159999999999807e-01 -3.565429999999999988e-01 -3.591179999999999928e-01 -3.745780000000000221e-01 -3.183440000000000158e-01 -3.720089999999999786e-01 -4.620389999999999775e-01 -4.750210000000000266e-01 -4.625440000000000107e-01 -4.705860000000000043e-01 -4.620739999999999847e-01
-2.858879999999999755e-01 -3.000809999999999866e-01 -3.589069999999999760e-01 -3.596820000000000017e-01 -3.432640000000000136e-01 -3.339719999999999911e-01 -3.417700000000000182e-01 -3.982160000000000144e-01 -3.941890000000000116e-01 -3.945940000000000003e-01 -4.161940000000000084e-01 -3.925960000000000005e-01
-3.014459999999999917e-01 -3.190000000000000058e-01 -3.891089999999999827e-01 -3.285070000000000157e+00 -4.271679999999999922e-01 -3.956930000000000169e-01 -5.562570000000000014e+00 -4.793169999999999931e-01 -5.786069999999999824e-01 -5.603590000000000515e-01 -6.388099999999999890e-01 -5.210609999999999964e-01
-3.240910000000000180e-01 -3.612719999999999820e-01 -4.227110000000000034e-01 -4.440560000000000063e-01 -5.221369999999999623e-01 -4.706589999999999940e-01 -6.705269999999999841e-01 -6.683670000000000444e-01 -7.932869999999999644e-01 -8.568850000000000078e-01 -9.814300000000000246e-01 -7.951859999999999484e-01
-3.535980000000000234e-01 -4.024249999999999772e-01 -4.754579999999999917e-01 -4.914040000000000075e-01 -6.268259999999999943e-01 -5.367530000000000356e-01 -8.877969999999999473e-01 -9.122350000000000181e-01 -9.492810000000000414e-01 -1.090039999999999898e+00 -1.089080000000000048e+00 -9.296680000000000499e-01
-3.430300000000000016e-01 -3.551150000000000140e-01 -4.149120000000000030e-01 -4.204069999999999752e-01 -4.937540000000000262e-01 -4.510529999999999817e-01 -4.646339999999999915e-01 -4.622539999999999982e-01 -6.713869999999999560e-01 -5.902800000000000269e-01 -6.236169999999999769e-01 -5.643880000000000008e-01
-3.714290000000000092e-01 -3.959659999999999846e-01 -4.637160000000000171e-01 -4.673579999999999957e-01 -5.303820000000000201e-01 -4.995249999999999968e-01 -5.797139999999999516e-01 -5.676729999999999832e-01 -7.525709999999999900e-01 -7.847849999999999548e-01 -7.881770000000000165e-01 -7.236280000000000490e-01
-4.156710000000000127e-01 -4.579920000000000102e-01 -5.441289999999999738e-01 -5.354710000000000303e-01 -5.945549999999999446e-01 -5.684850000000000181e-01 -8.545310000000000406e-01 -7.922350000000000225e-01 -8.728559999999999652e-01 -1.074359999999999982e+00 -1.075970000000000093e+00 -9.978029999999999955e-01
-4.619900000000000118e-01 -5.157080000000000553e-01 -6.413010000000000099e-01 -5.696890000000000009e-01 -6.444609999999999506e-01 -6.394189999999999596e-01 -1.114859999999999962e+00 -9.831860000000000044e-01 -8.713950000000000307e-01 -1.067660000000000053e+00 -1.095970000000000111e+00 -9.808480000000000532e-01
-4.066379999999999995e-01 -4.230740000000000056e-01 -4.834999999999999853e-01 -4.853870000000000129e-01 -5.490920000000000245e-01 -5.139559999999999684e-01 -5.195959999999999468e-01 -5.221930000000000183e-01 -7.565629999999999855e-01 -7.331469999999999931e-01 -6.836050000000000182e-01 -6.658549999999999747e-01
-4.433230000000000226e-01 -4.655009999999999981e-01 -5.322959999999999914e-01 -5.278319999999999679e-01 -5.681720000000000104e-01 -5.466619999999999813e-01 -6.069179999999999575e-01 -5.912830000000000030e-01 -8.121880000000000210e-01 -8.603370000000000184e-01 -8.230929999999999636e-01 -8.023890000000000189e-01
-4.966590000000000171e-01 -5.391399999999999526e-01 -6.334560000000000191e-01 -5.801159999999999650e-01 -6.041149999999999576e-01 -6.183629999999999960e-01 -8.858319999999999528e-01 -8.298130000000000228e-01 -8.831569999999999698e-01 -1.139860000000000095e+00 -1.131010000000000071e+00 -1.074079999999999924e+00
-5.357800000000000340e-01 -6.058270000000000044e-01 -7.226559999999999651e-01 -6.013929999999999554e-01 -6.176199999999999468e-01 -6.880749999999999922e-01 -1.078810000000000047e+00 -9.864230000000000498e-01 -8.366710000000000536e-01 -1.233109999999999928e+00 -1.201249999999999929e+00 -1.045139999999999958e+00
-4.603570000000000162e-01 -4.777680000000000260e-01 -5.200190000000000090e-01 -5.271940000000000515e-01 -5.964500000000000357e-01 -5.657550000000000079e-01 -5.562970000000000415e-01 -5.594890000000000141e-01 -8.347210000000000463e-01 -7.891519999999999646e-01 -7.421090000000000186e-01 -7.095160000000000355e-01
-4.928919999999999968e-01 -5.221350000000000158e-01 -5.667219999999999480e-01 -5.572629999999999528e-01 -6.133250000000000091e-01 -6.043180000000000218e-01 -6.234680000000000222e-01 -6.280550000000000299e-01 -8.785699999999999621e-01 -9.325759999999999605e-01 -8.960540000000000171e-01 -8.453950000000000076e-01
-5.432109999999999994e-01 -5.950029999999999486e-01 -6.479639999999999844e-01 -6.038909999999999556e-01 -6.236089999999999689e-01 -6.846370000000000511e-01 -8.709799999999999764e-01 -8.423399999999999777e-01 -9.173679999999999612e-01 -1.205710000000000059e+00 -1.198690000000000033e+00 -1.112849999999999895e+00
-5.772490000000000121e-01 -6.415170000000000039e-01 -6.988079999999999847e-01 -6.184429999999999650e-01 -6.474640000000000395e-01 -7.340860000000000163e-01 -9.484350000000000280e-01 -9.429210000000000091e-01 -8.901179999999999648e-01 -1.229400000000000048e+00 -1.231130000000000058e+00 -1.095499999999999918e+00
-5.073729999999999629e-01 -5.309230000000000338e-01 -5.581869999999999887e-01 -5.639210000000000056e-01 -6.451069999999999860e-01 -6.292050000000000143e-01 -6.042659999999999698e-01 -6.011520000000000197e-01 -9.013330000000000508e-01 -8.667989999999999862e-01 -7.937149999999999483e-01 -7.505129999999999857e-01
-5.353200000000000180e-01 -5.674120000000000275e-01 -5.956299999999999928e-01 -5.837940000000000351e-01 -6.570529999999999982e-01 -6.741310000000000358e-01 -6.487559999999999993e-01 -6.732439999999999536e-01 -9.261089999999999600e-01 -9.837430000000000341e-01 -9.529720000000000413e-01 -8.946110000000000451e-01
-5.732699999999999463e-01 -6.115030000000000188e-01 -6.458169999999999744e-01 -6.116629999999999567e-01 -6.863909999999999734e-01 -7.341720000000000468e-01 -8.549409999999999510e-01 -8.713340000000000529e-01 -9.521570000000000311e-01 -1.169110000000000094e+00 -1.225980000000000070e+00 -1.137250000000000094e+00
-5.835160000000000347e-01 -6.275950000000000140e-01 -6.664390000000000036e-01 -6.302050000000000152e-01 -7.167729999999999935e-01 -7.463349999999999707e-01 -9.365149999999999864e-01 -9.130289999999999795e-01 -9.296790000000000331e-01 -1.124160000000000048e+00 -1.179179999999999895e+00 -1.078829999999999956e+00
-5.502629999999999466e-01 -5.742890000000000494e-01 -5.832779999999999632e-01 -6.028740000000000210e-01 -6.996559999999999446e-01 -6.898549999999999960e-01 -6.841709999999999736e-01 -6.673789999999999445e-01 -9.702709999999999946e-01 -9.106499999999999595e-01 -8.520450000000000523e-01 -7.854360000000000230e-01
-5.699159999999999782e-01 -5.970060000000000366e-01 -5.977029999999999843e-01 -6.431689999999999907e-01 -7.147550000000000292e-01 -7.096820000000000350e-01 -7.713130000000000264e-01 -7.770620000000000305e-01 -9.728539999999999965e-01 -9.703270000000000506e-01 -1.024569999999999981e+00 -8.946209999999999996e-01
-5.926660000000000261e-01 -6.340259999999999785e-01 -6.446060000000000123e-01 -6.730949999999999989e-01 -7.268780000000000241e-01 -7.210940000000000127e-01 -8.741609999999999658e-01 -8.773050000000000015e-01 -9.856089999999999574e-01 -1.032100000000000017e+00 -1.164949999999999930e+00 -1.044629999999999947e+00
-6.173070000000000501e-01 -6.615779999999999994e-01 -6.769530000000000269e-01 -7.094939999999999580e-01 -7.283539999999999459e-01 -7.361119999999999886e-01 -9.271829999999999794e-01 -8.465089999999999559e-01 -9.330270000000000508e-01 -9.882760000000000433e-01 -1.060089999999999977e+00 -9.883720000000000283e-01
-5.938959999999999795e-01 -6.218829999999999636e-01 -6.201689999999999703e-01 -7.015689999999999982e-01 -7.526239999999999597e-01 -7.524309999999999610e-01 -7.666140000000000176e-01 -7.357569999999999943e-01 -1.029560000000000031e+00 -9.431709999999999816e-01 -8.606500000000000261e-01 -7.660040000000000182e-01
-6.191410000000000524e-01 -6.542489999999999695e-01 -6.561230000000000118e-01 -7.845559999999999867e+00 -7.597080000000000499e-01 -7.762160000000000171e-01 -8.431499999999999551e-01 -8.183479999999999643e-01 -1.029609999999999914e+00 -9.589490000000000514e-01 -1.021369999999999889e+00 -8.608010000000000383e-01
-6.520169999999999577e-01 -6.995559999999999556e-01 -6.985789999999999500e-01 -7.896630000000000038e-01 -7.945429999999999993e-01 -8.216879999999999740e-01 -9.715319999999999512e-01 -9.491920000000000357e-01 -1.054759999999999920e+00 -1.035619999999999985e+00 -1.195869999999999989e+00 -1.058820000000000094e+00
-6.690490000000000048e-01 -7.321170000000000178e-01 -7.223779999999999646e-01 -8.337759999999999616e-01 -8.492229999999999501e-01 -8.803029999999999466e-01 -1.098200000000000065e+00 -1.080349999999999921e+00 -1.110689999999999955e+00 -1.078629999999999978e+00 -1.250320000000000098e+00 -1.114179999999999948e+00
-6.457439999999999847e-01 -6.860199999999999632e-01 -6.845849999999999991e-01 -7.623109999999999609e-01 -8.241420000000000412e-01 -8.559579999999999966e-01 -8.397860000000000325e-01 -8.231439999999999868e-01 -1.091129999999999933e+00 -1.009910000000000085e+00 -9.254430000000000156e-01 -7.654639999999999667e+00
-6.667499999999999538e-01 -7.124169999999999670e-01 -7.148590000000000222e-01 -8.048410000000000286e-01 -8.667979999999999574e-01 -8.938430000000000542e-01 -9.316360000000000197e-01 -9.264750000000000485e-01 -1.082319999999999949e+00 -1.015989999999999949e+00 -9.903049999999999908e-01 -8.580989999999999451e-01
-6.897499999999999742e-01 -7.560769999999999991e-01 -7.584729999999999528e-01 -8.715119999999999534e-01 -9.450290000000000079e-01 -9.654930000000000456e-01 -1.156290000000000040e+00 -1.156859999999999999e+00 -1.166989999999999972e+00 -1.133159999999999945e+00 -1.260659999999999892e+00 -1.070429999999999993e+00
-7.051739999999999675e-01 -7.748319999999999652e-01 -7.861099999999999755e-01 -9.020019999999999705e-01 -9.912469999999999892e-01 -1.020219999999999905e+00 -1.241549999999999931e+00 -1.240809999999999969e+00 -1.243549999999999933e+00 -1.195969999999999978e+00 -1.301390000000000047e+00 -1.114999999999999991e+00
-6.934219999999999828e-01 -7.377420000000000089e-01 -7.416089999999999627e-01 -8.389389999999999903e-01 -9.238659999999999650e-01 -9.560070000000000512e-01 -9.832450000000000356e-01 -9.758280000000000287e-01 -1.096410000000000107e+00 -1.026329999999999965e+00 -9.953720000000000345e-01 -8.548989999999999645e-01
-7.098929999999999962e-01 -7.571780000000000177e-01 -7.647289999999999921e-01 -8.692159999999999886e-01 -9.566769999999999996e-01 -9.963159999999999794e-01 -1.063299999999999912e+00 -1.048249999999999904e+00 -1.127739999999999965e+00 -1.076049999999999951e+00 -1.080370000000000053e+00 -9.151759999999999895e-01
-7.304500000000000437e-01 -7.811430000000000318e-01 -8.031549999999999523e-01 -9.128810000000000535e-01 -9.949090000000000433e-01 -1.066859999999999919e+00 -1.226439999999999975e+00 -1.233780000000000099e+00 -1.243449999999999944e+00 -1.191789999999999905e+00 -1.272790000000000088e+00 -1.085509999999999975e+00
-7.473189999999999555e-01 -7.886100000000000332e-01 -8.227470000000000061e-01 -9.323280000000000456e-01 -9.990999999999999881e-01 -1.131110000000000060e+00 -1.323120000000000074e+00 -1.337960000000000038e+00 -1.292950000000000044e+00 -1.235689999999999955e+00 -1.328310000000000102e+00 -1.144910000000000094e+00
-7.364079999999999515e-01 -7.848039999999999461e-01 -7.901369999999999783e-01 -9.064240000000000075e-01 -9.900409999999999489e-01 -1.040580000000000060e+00 -1.082170000000000076e+00 -1.074940000000000007e+00 -1.207060000000000022e+00 -1.134039999999999937e+00 -1.120260000000000034e+00 -9.068370000000000042e-01
-7.522689999999999655e-01 -8.031190000000000273e-01 -8.078239999999999865e-01 -9.365099999999999536e-01 -1.018820000000000059e+00 -1.065299999999999914e+00 -1.120400000000000063e+00 -1.128870000000000040e+00 -1.257910000000000084e+00 -1.182239999999999958e+00 -1.260820000000000052e+00 -9.196530000000000538e-01
2.265030000000000143e+01 4.704399999999999693e+01 7.155450000000000443e+01 9.599230000000000018e+01 2.106180000000000163e+01 4.593889999999999674e+01 7.056680000000000064e+01 9.477200000000000557e+01 1.841769999999999996e+01 4.360499999999999687e+01 6.810960000000000036e+01 6.733750000000000568e+01
2.264349999999999952e+01 4.704010000000000247e+01 7.155620000000000402e+01 9.599590000000000600e+01 2.106550000000000011e+01 4.594149999999999778e+01 7.057429999999999382e+01 9.477630000000000621e+01 1.842680000000000007e+01 4.361269999999999669e+01 6.811740000000000350e+01 6.734340000000000259e+01
2.264049999999999940e+01 4.703829999999999956e+01 7.155689999999999884e+01 9.599739999999999895e+01 2.106709999999999994e+01 4.594180000000000064e+01 7.057720000000000482e+01 9.477779999999999916e+01 1.843290000000000006e+01 4.361580000000000013e+01 6.812390000000000612e+01 6.734969999999999857e+01
2.265319999999999823e+01 4.704469999999999885e+01 7.155110000000000525e+01 9.598930000000000007e+01 2.105379999999999896e+01 4.592949999999999733e+01 7.055700000000000216e+01 9.476300000000000523e+01 1.840070000000000050e+01 4.358720000000000283e+01 6.809999999999999432e+01 6.732630000000000337e+01
2.265299999999999869e+01 4.704509999999999792e+01 7.155339999999999634e+01 9.599120000000000630e+01 2.105890000000000128e+01 4.593580000000000041e+01 7.056319999999999482e+01 9.476900000000000546e+01 1.841189999999999927e+01 4.359899999999999665e+01 6.810649999999999693e+01 6.733389999999999986e+01
2.264410000000000167e+01 4.704059999999999775e+01 7.155660000000000309e+01 9.599649999999999750e+01 2.106550000000000011e+01 4.594169999999999732e+01 7.057470000000000709e+01 9.477660000000000196e+01 1.842749999999999844e+01 4.361359999999999815e+01 6.811830000000000496e+01 6.734359999999999502e+01
2.264089999999999847e+01 4.703900000000000148e+01 7.155740000000000123e+01 9.599809999999999377e+01 2.106739999999999924e+01 4.594219999999999970e+01 7.057789999999999964e+01 9.477830000000000155e+01 1.844839999999999947e+01 4.363389999999999702e+01 6.814019999999999300e+01 6.734659999999999513e+01
2.265469999999999828e+01 4.704560000000000031e+01 7.155100000000000193e+01 9.598940000000000339e+01 2.105470000000000041e+01 4.593030000000000257e+01 7.055830000000000268e+01 9.476409999999999911e+01 1.839999999999999858e+01 4.358760000000000190e+01 6.810139999999999816e+01 6.732609999999999673e+01
2.265399999999999991e+01 4.704599999999999937e+01 7.155349999999999966e+01 9.599139999999999873e+01 2.105859999999999843e+01 4.593549999999999756e+01 7.056279999999999575e+01 9.476900000000000546e+01 1.841120000000000090e+01 4.359859999999999758e+01 6.810630000000000450e+01 6.733369999999999322e+01
2.264489999999999981e+01 4.704129999999999967e+01 7.155710000000000548e+01 9.599720000000000653e+01 2.106589999999999918e+01 4.594239999999999924e+01 7.057540000000000191e+01 9.477710000000000434e+01 1.842859999999999943e+01 4.361440000000000339e+01 6.811960000000000548e+01 6.734449999999999648e+01
2.264140000000000086e+01 4.703940000000000055e+01 7.155790000000000362e+01 9.599890000000000612e+01 2.106850000000000023e+01 4.594310000000000116e+01 7.057940000000000680e+01 9.477819999999999823e+01 1.843799999999999883e+01 4.362480000000000047e+01 6.810169999999999391e+01 6.734550000000000125e+01
2.265510000000000090e+01 4.704619999999999891e+01 7.155150000000000432e+01 9.598999999999999488e+01 2.105420000000000158e+01 4.592960000000000065e+01 7.055780000000000030e+01 9.476409999999999911e+01 1.839760000000000062e+01 4.358379999999999654e+01 6.809879999999999711e+01 6.732370000000000232e+01
2.265469999999999828e+01 4.704659999999999798e+01 7.155389999999999873e+01 9.599190000000000111e+01 2.105890000000000128e+01 4.593599999999999994e+01 7.056340000000000146e+01 9.476970000000000027e+01 1.841189999999999927e+01 4.359899999999999665e+01 6.810699999999999932e+01 6.733429999999999893e+01
2.264509999999999934e+01 4.704169999999999874e+01 7.155769999999999698e+01 9.599800000000000466e+01 2.106650000000000134e+01 4.594299999999999784e+01 7.057640000000000668e+01 9.477790000000000248e+01 1.842989999999999995e+01 4.361509999999999820e+01 6.812149999999999750e+01 6.734590000000000032e+01
2.264219999999999899e+01 4.703999999999999915e+01 7.155889999999999418e+01 9.599989999999999668e+01 2.106929999999999836e+01 4.594400000000000261e+01 7.057989999999999498e+01 9.477970000000000539e+01 1.846760000000000090e+01 4.364849999999999852e+01 6.810550000000000637e+01 6.733669999999999334e+01
2.265589999999999904e+01 4.704710000000000036e+01 7.155249999999999488e+01 9.599089999999999634e+01 2.105620000000000047e+01 4.593280000000000030e+01 7.056100000000000705e+01 9.476730000000000587e+01 1.840370000000000061e+01 4.359000000000000341e+01 6.810269999999999868e+01 6.732810000000000628e+01
2.265469999999999828e+01 4.704699999999999704e+01 7.155490000000000350e+01 9.599290000000000589e+01 2.106009999999999849e+01 4.593800000000000239e+01 7.056560000000000343e+01 9.477190000000000225e+01 1.841420000000000101e+01 4.360099999999999909e+01 6.810859999999999559e+01 6.733530000000000371e+01
2.264519999999999911e+01 4.704189999999999827e+01 7.155840000000000600e+01 9.599890000000000612e+01 2.106680000000000064e+01 4.594420000000000215e+01 7.057810000000000628e+01 9.477960000000000207e+01 1.843230000000000146e+01 4.361749999999999972e+01 6.812569999999999482e+01 6.734919999999999618e+01
2.264209999999999923e+01 4.704019999999999868e+01 7.155970000000000653e+01 9.600069999999999482e+01 2.107069999999999865e+01 4.594579999999999842e+01 7.058240000000000691e+01 9.478220000000000312e+01 1.845619999999999905e+01 4.363680000000000092e+01 6.814570000000000505e+01 6.736050000000000182e+01
2.265569999999999951e+01 4.704760000000000275e+01 7.155339999999999634e+01 9.599179999999999779e+01 2.105730000000000146e+01 4.593370000000000175e+01 7.056149999999999523e+01 9.476940000000000452e+01 1.840680000000000049e+01 4.359429999999999694e+01 6.810339999999999350e+01 6.732959999999999923e+01
2.265380000000000038e+01 4.704710000000000036e+01 7.155610000000000070e+01 9.599399999999999977e+01 2.106139999999999901e+01 4.593930000000000291e+01 7.056749999999999545e+01 9.477419999999999334e+01 1.841880000000000095e+01 4.360560000000000258e+01 6.811199999999999477e+01 6.733750000000000568e+01
2.264499999999999957e+01 4.704209999999999781e+01 7.155899999999999750e+01 9.600020000000000664e+01 2.106690000000000040e+01 4.594579999999999842e+01 7.058020000000000493e+01 9.478249999999999886e+01 1.843550000000000111e+01 4.362019999999999698e+01 6.813079999999999359e+01 6.735439999999999827e+01
2.264280000000000115e+01 4.704249999999999687e+01 7.156250000000000000e+01 9.600499999999999545e+01 2.108869999999999933e+01 4.597769999999999868e+01 7.060909999999999798e+01 9.480700000000000216e+01 1.846300000000000097e+01 4.366599999999999682e+01 7.027849999999999397e+01 6.736830000000000496e+01
2.265640000000000143e+01 4.704840000000000089e+01 7.155429999999999779e+01 9.599259999999999593e+01 2.105880000000000152e+01 4.593580000000000041e+01 7.056310000000000571e+01 9.477129999999999654e+01 1.841059999999999874e+01 4.359709999999999752e+01 6.810450000000000159e+01 6.733029999999999404e+01
2.265370000000000061e+01 4.704719999999999658e+01 7.155679999999999552e+01 9.599450000000000216e+01 2.106180000000000163e+01 4.594019999999999726e+01 7.056990000000000407e+01 9.477660000000000196e+01 1.842229999999999990e+01 4.360410000000000252e+01 6.811459999999999582e+01 6.733880000000000621e+01
2.264519999999999911e+01 4.704460000000000264e+01 7.156059999999999377e+01 9.600320000000000675e+01 2.106899999999999906e+01 4.595040000000000191e+01 7.058650000000000091e+01 9.479019999999999868e+01 1.844500000000000028e+01 4.362810000000000343e+01 6.813819999999999766e+01 6.736799999999999500e+01
2.264280000000000115e+01 4.705429999999999779e+01 7.156390000000000384e+01 9.601810000000000400e+01 2.105649999999999977e+01 4.600869999999999749e+01 7.064230000000000587e+01 9.485840000000000316e+01 1.846760000000000090e+01 4.368769999999999953e+01 6.815579999999999927e+01 6.740640000000000498e+01
2.265749999999999886e+01 4.705010000000000048e+01 7.155570000000000164e+01 9.599450000000000216e+01 2.105890000000000128e+01 4.593690000000000140e+01 7.056399999999999295e+01 9.477330000000000609e+01 1.841039999999999921e+01 4.359629999999999939e+01 6.810620000000000118e+01 6.733230000000000359e+01
2.265559999999999974e+01 4.705030000000000001e+01 7.156000000000000227e+01 9.599739999999999895e+01 2.106309999999999860e+01 4.594380000000000308e+01 7.057259999999999422e+01 9.478090000000000259e+01 1.842310000000000159e+01 4.361209999999999809e+01 6.811690000000000111e+01 6.734470000000000312e+01
2.264580000000000126e+01 4.704769999999999897e+01 7.156550000000000011e+01 9.600910000000000366e+01 2.107079999999999842e+01 4.595669999999999789e+01 7.059699999999999420e+01 9.480620000000000402e+01 1.845400000000000063e+01 4.365290000000000248e+01 6.815389999999999304e+01 6.738249999999999318e+01
2.265390000000000015e+01 4.708539999999999992e+01 7.160349999999999682e+01 9.606170000000000186e+01 2.109280000000000044e+01 4.602729999999999677e+01 7.067990000000000350e+01 9.488960000000000150e+01 1.845449999999999946e+01 4.361070000000000135e+01 6.815200000000000102e+01 6.739669999999999561e+01
2.265879999999999939e+01 4.705250000000000199e+01 7.155729999999999791e+01 9.599639999999999418e+01 2.106019999999999825e+01 4.594100000000000250e+01 7.056619999999999493e+01 9.477729999999999677e+01 1.841400000000000148e+01 4.360349999999999682e+01 6.810930000000000462e+01 6.733570000000000277e+01
2.265690000000000026e+01 4.705250000000000199e+01 7.156310000000000571e+01 9.600109999999999388e+01 2.105949999999999989e+01 4.594389999999999930e+01 7.057710000000000150e+01 9.478310000000000457e+01 1.842640000000000100e+01 4.362010000000000076e+01 6.812199999999999989e+01 6.734699999999999420e+01
2.264639999999999986e+01 4.704930000000000234e+01 7.156789999999999452e+01 9.601680000000000348e+01 2.107160000000000011e+01 4.596479999999999677e+01 7.061140000000000327e+01 9.481399999999999295e+01 1.846079999999999899e+01 4.366559999999999775e+01 6.817000000000000171e+01 6.737999999999999545e+01
2.266150000000000020e+01 4.711630000000000251e+01 7.163339999999999463e+01 9.595780000000000598e+01 2.111199999999999832e+01 4.600240000000000151e+01 7.248879999999999768e+01 9.489600000000000080e+01 1.846529999999999916e+01 4.366510000000000247e+01 6.820820000000000505e+01 6.737680000000000291e+01
2.266029999999999944e+01 4.705429999999999779e+01 7.155150000000000432e+01 9.599909999999999854e+01 2.106019999999999825e+01 4.594109999999999872e+01 5.761070000000000135e+01 9.477889999999999304e+01 1.841509999999999891e+01 4.360569999999999879e+01 6.811299999999999955e+01 6.733629999999999427e+01
2.265830000000000055e+01 4.705490000000000350e+01 7.155660000000000309e+01 9.600180000000000291e+01 2.106340000000000146e+01 4.595049999999999812e+01 7.057970000000000255e+01 9.479030000000000200e+01 1.842699999999999960e+01 4.362160000000000082e+01 6.811929999999999552e+01 6.734560000000000457e+01
2.264730000000000132e+01 4.704769999999999897e+01 7.156480000000000530e+01 9.601779999999999404e+01 2.107120000000000104e+01 4.596110000000000184e+01 7.061220000000000141e+01 9.481369999999999720e+01 1.846120000000000161e+01 4.366109999999999758e+01 6.816320000000000334e+01 6.737980000000000302e+01
2.265729999999999933e+01 4.709109999999999729e+01 7.160410000000000252e+01 9.607179999999999609e+01 2.109009999999999962e+01 4.601820000000000022e+01 7.066200000000000614e+01 9.487309999999999377e+01 1.846259999999999835e+01 4.366089999999999804e+01 6.818829999999999814e+01 6.741710000000000491e+01
2.266140000000000043e+01 4.705440000000000111e+01 7.156090000000000373e+01 9.599790000000000134e+01 2.106050000000000111e+01 4.594780000000000086e+01 7.057080000000000553e+01 9.477840000000000487e+01 1.841460000000000008e+01 4.360660000000000025e+01 6.811079999999999757e+01 6.733750000000000568e+01
2.265869999999999962e+01 4.705409999999999826e+01 7.156210000000000093e+01 9.598279999999999745e+01 2.106230000000000047e+01 4.596329999999999671e+01 7.055910000000000082e+01 9.479179999999999495e+01 1.842699999999999960e+01 4.362210000000000321e+01 6.812659999999999627e+01 6.735150000000000148e+01
2.264620000000000033e+01 4.704569999999999652e+01 7.156449999999999534e+01 9.601730000000000587e+01 2.107179999999999964e+01 4.597690000000000055e+01 7.062019999999999698e+01 9.482019999999999982e+01 1.845449999999999946e+01 4.366400000000000148e+01 6.817300000000000182e+01 6.737980000000000302e+01
2.263019999999999854e+01 4.703000000000000114e+01 7.158249999999999602e+01 9.604540000000000077e+01 2.110239999999999938e+01 4.600650000000000261e+01 7.068149999999999977e+01 9.490770000000000550e+01 1.849540000000000006e+01 4.369559999999999889e+01 6.814770000000000039e+01 6.746020000000000039e+01
2.266189999999999927e+01 4.705449999999999733e+01 7.156090000000000373e+01 9.599559999999999604e+01 2.105949999999999989e+01 4.594959999999999667e+01 7.057359999999999900e+01 9.479319999999999879e+01 1.841450000000000031e+01 4.360450000000000159e+01 6.811140000000000327e+01 6.734749999999999659e+01
2.266649999999999920e+01 4.706410000000000338e+01 7.153400000000000603e+01 9.594830000000000325e+01 2.107829999999999870e+01 4.598109999999999786e+01 7.059959999999999525e+01 1.806200000000000045e+02 1.845179999999999865e+01 4.367280000000000229e+01 6.816289999999999338e+01 6.740749999999999886e+01
2.264659999999999940e+01 4.704860000000000042e+01 7.156550000000000011e+01 9.602500000000000568e+01 2.107770000000000010e+01 4.599589999999999890e+01 7.063330000000000553e+01 9.484969999999999857e+01 1.847960000000000136e+01 4.371130000000000138e+01 6.822230000000000416e+01 6.739019999999999300e+01
2.264379999999999882e+01 4.704959999999999809e+01 7.156810000000000116e+01 9.603350000000000364e+01 2.108539999999999992e+01 4.601409999999999911e+01 7.064830000000000609e+01 9.488049999999999784e+01 1.849309999999999832e+01 4.372939999999999827e+01 6.831499999999999773e+01 6.759010000000000673e+01
2.266319999999999979e+01 4.705810000000000315e+01 7.156539999999999679e+01 9.600650000000000261e+01 2.107079999999999842e+01 4.595510000000000161e+01 7.057930000000000348e+01 9.481659999999999400e+01 1.842589999999999861e+01 4.362619999999999720e+01 6.798640000000000327e+01 6.740519999999999357e+01
2.266260000000000119e+01 4.705760000000000076e+01 7.150979999999999848e+01 9.600169999999999959e+01 2.106810000000000116e+01 4.596959999999999980e+01 7.057510000000000616e+01 7.586969999999999459e+01 1.843789999999999907e+01 4.366689999999999827e+01 6.800629999999999598e+01 6.739300000000000068e+01
2.264780000000000015e+01 4.704930000000000234e+01 7.156730000000000302e+01 9.602729999999999677e+01 2.107799999999999940e+01 4.599730000000000274e+01 7.063469999999999516e+01 9.485030000000000427e+01 1.847729999999999961e+01 4.371240000000000236e+01 6.821890000000000498e+01 6.745359999999999445e+01
2.264620000000000033e+01 4.705199999999999960e+01 7.157280000000000086e+01 9.604059999999999775e+01 2.110119999999999862e+01 4.602620000000000289e+01 7.066589999999999350e+01 9.489900000000000091e+01 1.854070000000000107e+01 4.375070000000000192e+01 6.830349999999999966e+01 6.754810000000000514e+01
2.266390000000000171e+01 4.705830000000000268e+01 7.156520000000000437e+01 9.600799999999999557e+01 2.106960000000000122e+01 4.596039999999999992e+01 7.058719999999999573e+01 9.480989999999999895e+01 1.841169999999999973e+01 4.362290000000000134e+01 6.815260000000000673e+01 6.739029999999999632e+01
2.266029999999999944e+01 4.705460000000000065e+01 7.139560000000000173e+01 9.592130000000000223e+01 2.106439999999999912e+01 4.596659999999999968e+01 7.060999999999999943e+01 9.481889999999999930e+01 1.843449999999999989e+01 4.367880000000000251e+01 6.817109999999999559e+01 6.738599999999999568e+01
2.264979999999999905e+01 4.705349999999999966e+01 7.157089999999999463e+01 9.603419999999999845e+01 2.109710000000000107e+01 4.601189999999999714e+01 7.068319999999999936e+01 9.489119999999999777e+01 1.854500000000000171e+01 4.378340000000000032e+01 6.832330000000000325e+01 6.752710000000000434e+01
2.264770000000000039e+01 4.705689999999999884e+01 7.157609999999999673e+01 9.604569999999999652e+01 2.113650000000000162e+01 4.607930000000000348e+01 7.080620000000000402e+01 9.501370000000000005e+01 1.860500000000000043e+01 4.385840000000000316e+01 6.848069999999999879e+01 6.756610000000000582e+01
2.266489999999999938e+01 4.706000000000000227e+01 7.156680000000000064e+01 9.583660000000000423e+01 2.108350000000000080e+01 4.596770000000000067e+01 7.059279999999999688e+01 9.471469999999999345e+01 1.845629999999999882e+01 4.365590000000000259e+01 6.819270000000000209e+01 6.740760000000000218e+01
2.266359999999999886e+01 4.705960000000000321e+01 6.932769999999999300e+01 9.601239999999999952e+01 2.108899999999999864e+01 4.598769999999999669e+01 7.061270000000000380e+01 9.483729999999999905e+01 1.850120000000000076e+01 4.371770000000000067e+01 6.823560000000000514e+01 6.746739999999999782e+01
2.265279999999999916e+01 4.705610000000000070e+01 7.157620000000000005e+01 9.603700000000000614e+01 2.110030000000000072e+01 4.601559999999999917e+01 7.071599999999999397e+01 9.491190000000000282e+01 1.856830000000000069e+01 4.381830000000000069e+01 6.837130000000000507e+01 6.755490000000000350e+01
2.265719999999999956e+01 4.707169999999999987e+01 7.160699999999999932e+01 9.605429999999999779e+01 2.111039999999999850e+01 4.603840000000000288e+01 7.075209999999999866e+01 9.495289999999999964e+01 1.857389999999999830e+01 4.380530000000000257e+01 6.835540000000000305e+01 6.755240000000000578e+01
2.266550000000000153e+01 4.706089999999999662e+01 7.156889999999999930e+01 9.601330000000000098e+01 2.108599999999999852e+01 4.597270000000000323e+01 7.060129999999999484e+01 9.481619999999999493e+01 1.847129999999999939e+01 4.367510000000000048e+01 6.820980000000000132e+01 6.742040000000000077e+01
2.266489999999999938e+01 4.706040000000000134e+01 7.156000000000000227e+01 9.601990000000000691e+01 2.108930000000000149e+01 4.598680000000000234e+01 5.166299999999999670e+01 9.483859999999999957e+01 1.851279999999999859e+01 4.373319999999999652e+01 6.825119999999999720e+01 6.747069999999999368e+01
2.265510000000000090e+01 4.705780000000000030e+01 7.157800000000000296e+01 9.603799999999999670e+01 2.110079999999999956e+01 4.601700000000000301e+01 7.071739999999999782e+01 9.491689999999999827e+01 1.856929999999999836e+01 4.381660000000000110e+01 6.837730000000000530e+01 6.754890000000000327e+01
2.267930000000000135e+01 4.709859999999999758e+01 7.152439999999999998e+01 9.602800000000000580e+01 2.111339999999999861e+01 4.605089999999999861e+01 7.074869999999999948e+01 9.496699999999999875e+01 1.857450000000000045e+01 4.381550000000000011e+01 6.839499999999999602e+01 6.744459999999999411e+01
2.266570000000000107e+01 4.706099999999999994e+01 7.156829999999999359e+01 9.601359999999999673e+01 2.108569999999999922e+01 4.597240000000000038e+01 7.060160000000000480e+01 9.481589999999999918e+01 1.847340000000000160e+01 4.367790000000000106e+01 6.821020000000000039e+01 6.741880000000000450e+01
2.266469999999999985e+01 4.706089999999999662e+01 7.157250000000000512e+01 9.601810000000000400e+01 2.108990000000000009e+01 4.599199999999999733e+01 7.064069999999999538e+01 9.484170000000000300e+01 1.851030000000000086e+01 4.372429999999999950e+01 6.827150000000000318e+01 6.746779999999999688e+01
2.265540000000000020e+01 4.705819999999999936e+01 7.157599999999999341e+01 9.603810000000000002e+01 2.110160000000000124e+01 4.601910000000000167e+01 7.071859999999999502e+01 9.492189999999999372e+01 1.857179999999999964e+01 4.382540000000000191e+01 6.838309999999999889e+01 6.756640000000000157e+01
2.266570000000000107e+01 4.708440000000000225e+01 7.160809999999999320e+01 9.604770000000000607e+01 2.111189999999999856e+01 4.604440000000000310e+01 7.075589999999999691e+01 9.496269999999999811e+01 1.857580000000000098e+01 4.380729999999999791e+01 6.836190000000000566e+01 6.754229999999999734e+01
2.266580000000000084e+01 4.706139999999999901e+01 7.156850000000000023e+01 9.601420000000000243e+01 2.108630000000000138e+01 4.597560000000000002e+01 7.060240000000000293e+01 9.481980000000000075e+01 1.847700000000000031e+01 4.368260000000000076e+01 6.821559999999999491e+01 6.742419999999999902e+01
2.266420000000000101e+01 4.706069999999999709e+01 7.154420000000000357e+01 9.602030000000000598e+01 2.109260000000000090e+01 4.599389999999999645e+01 5.101489999999999725e+01 9.483689999999999998e+01 1.851960000000000051e+01 4.373940000000000339e+01 6.828539999999999566e+01 6.747929999999999495e+01
2.265589999999999904e+01 4.705740000000000123e+01 7.157590000000000430e+01 9.603820000000000334e+01 2.110409999999999897e+01 4.602009999999999934e+01 7.072570000000000334e+01 9.493019999999999925e+01 1.857120000000000104e+01 4.381620000000000203e+01 6.837789999999999679e+01 6.756109999999999616e+01
2.266809999999999903e+01 4.704370000000000118e+01 7.160809999999999320e+01 9.606239999999999668e+01 2.113279999999999959e+01 4.604990000000000094e+01 7.078340000000000032e+01 9.498499999999999943e+01 1.857920000000000016e+01 4.379579999999999984e+01 6.839830000000000609e+01 6.757200000000000273e+01
2.266610000000000014e+01 4.706139999999999901e+01 7.156879999999999598e+01 9.601519999999999300e+01 2.108709999999999951e+01 4.597639999999999816e+01 7.060330000000000439e+01 9.482080000000000553e+01 1.848120000000000118e+01 4.368050000000000210e+01 6.821479999999999677e+01 6.742279999999999518e+01
2.266440000000000055e+01 4.706020000000000181e+01 7.155029999999999291e+01 9.602049999999999841e+01 2.108960000000000079e+01 4.598960000000000292e+01 7.063450000000000273e+01 9.484130000000000393e+01 1.851190000000000069e+01 4.373610000000000042e+01 6.827779999999999916e+01 6.747740000000000293e+01
2.265640000000000143e+01 4.705839999999999890e+01 7.157550000000000523e+01 9.604089999999999350e+01 2.110399999999999920e+01 4.602009999999999934e+01 7.072419999999999618e+01 9.493300000000000693e+01 1.857329999999999970e+01 4.381869999999999976e+01 6.837760000000000105e+01 6.756310000000000571e+01
2.265609999999999857e+01 4.706049999999999756e+01 7.158740000000000236e+01 9.604730000000000700e+01 2.110089999999999932e+01 4.601330000000000098e+01 7.072709999999999297e+01 9.496500000000000341e+01 1.857819999999999894e+01 4.382009999999999650e+01 6.836599999999999966e+01 6.755129999999999768e+01
2.266619999999999990e+01 4.706179999999999808e+01 7.157070000000000221e+01 9.601380000000000337e+01 2.108689999999999998e+01 4.597879999999999967e+01 7.061119999999999663e+01 9.482399999999999807e+01 1.848470000000000013e+01 4.368699999999999761e+01 6.821670000000000300e+01 6.742440000000000566e+01
2.266430000000000078e+01 4.706110000000000326e+01 7.156839999999999691e+01 9.602290000000000703e+01 2.109209999999999852e+01 4.599300000000000210e+01 7.063200000000000500e+01 9.483830000000000382e+01 1.852459999999999951e+01 4.372670000000000101e+01 6.808899999999999864e+01 6.746859999999999502e+01
2.265909999999999869e+01 4.706099999999999994e+01 7.157850000000000534e+01 9.604649999999999466e+01 2.110679999999999978e+01 4.602629999999999910e+01 7.073120000000000118e+01 9.493689999999999429e+01 1.857639999999999958e+01 4.383160000000000167e+01 6.839279999999999404e+01 6.757559999999999434e+01
2.265739999999999910e+01 4.706260000000000332e+01 7.158089999999999975e+01 9.605679999999999552e+01 2.112199999999999989e+01 4.604169999999999874e+01 7.077469999999999573e+01 9.498529999999999518e+01 1.858640000000000114e+01 4.382759999999999678e+01 6.839000000000000057e+01 6.755299999999999727e+01
2.266689999999999827e+01 4.706320000000000192e+01 7.157299999999999329e+01 9.603319999999999368e+01 2.108999999999999986e+01 4.598440000000000083e+01 7.062069999999999936e+01 9.482250000000000512e+01 1.848600000000000065e+01 4.368849999999999767e+01 6.822960000000000491e+01 6.743189999999999884e+01
2.266629999999999967e+01 4.706320000000000192e+01 7.157269999999999754e+01 9.602740000000000009e+01 2.109120000000000061e+01 4.598969999999999914e+01 7.063700000000000045e+01 9.484980000000000189e+01 1.850750000000000028e+01 4.373259999999999792e+01 6.824670000000000414e+01 6.747100000000000364e+01
2.265960000000000107e+01 4.706199999999999761e+01 7.157920000000000016e+01 9.604779999999999518e+01 2.111400000000000077e+01 4.603130000000000166e+01 7.074020000000000152e+01 9.495080000000000098e+01 1.857890000000000086e+01 4.383129999999999882e+01 6.838849999999999341e+01 6.756789999999999452e+01
2.265820000000000078e+01 4.706210000000000093e+01 7.158190000000000452e+01 9.604989999999999384e+01 2.112430000000000163e+01 4.604930000000000234e+01 7.077570000000000050e+01 9.499089999999999634e+01 1.859969999999999857e+01 4.384360000000000213e+01 6.838450000000000273e+01 6.756719999999999970e+01
2.266779999999999973e+01 4.706300000000000239e+01 7.152819999999999823e+01 9.599639999999999418e+01 2.109659999999999869e+01 4.598570000000000135e+01 7.063219999999999743e+01 9.479319999999999879e+01 1.847240000000000038e+01 4.367909999999999826e+01 6.821739999999999782e+01 6.737290000000000134e+01
2.266710000000000136e+01 4.706309999999999860e+01 7.157450000000000045e+01 9.603589999999999804e+01 2.109750000000000014e+01 4.598980000000000246e+01 7.064180000000000348e+01 9.484690000000000509e+01 1.851320000000000121e+01 4.372849999999999682e+01 6.826869999999999550e+01 6.745350000000000534e+01
2.266229999999999833e+01 4.706210000000000093e+01 7.157859999999999445e+01 9.604460000000000264e+01 2.111019999999999897e+01 4.602609999999999957e+01 7.072790000000000532e+01 9.495000000000000284e+01 1.857300000000000040e+01 4.381580000000000297e+01 6.837430000000000518e+01 6.755639999999999645e+01
2.265879999999999939e+01 4.706150000000000233e+01 7.158150000000000546e+01 9.605209999999999582e+01 2.112259999999999849e+01 4.605259999999999820e+01 7.077500000000000568e+01 9.498999999999999488e+01 1.859560000000000102e+01 4.383189999999999742e+01 6.839289999999999736e+01 6.757620000000000005e+01
2.266730000000000089e+01 4.706199999999999761e+01 7.157519999999999527e+01 9.602519999999999811e+01 2.109649999999999892e+01 4.598839999999999861e+01 7.063660000000000139e+01 9.481589999999999918e+01 1.850929999999999964e+01 4.371459999999999724e+01 6.822860000000000014e+01 6.740359999999999729e+01
2.266730000000000089e+01 4.706329999999999814e+01 7.157269999999999754e+01 9.603619999999999379e+01 2.110630000000000095e+01 4.599020000000000152e+01 7.062850000000000250e+01 9.484739999999999327e+01 1.850570000000000093e+01 4.370020000000000238e+01 6.827009999999999934e+01 6.745860000000000412e+01
2.266529999999999845e+01 4.706230000000000047e+01 7.157640000000000668e+01 9.604040000000000532e+01 2.110069999999999979e+01 4.601729999999999876e+01 7.070050000000000523e+01 9.492270000000000607e+01 1.855320000000000036e+01 4.379180000000000206e+01 6.835080000000000666e+01 6.753610000000000468e+01
