3.850000000000000000e+03 3.850000000000000000e+03 3.850000000000000000e+03 3.850000000000000000e+03 3.850000000000000000e+03 3.850000000000000000e+03 3.850000000000000000e+03 3.850000000000000000e+03 3.850000000000000000e+03 3.850000000000000000e+03 3.850000000000000000e+03 3.850000000000000000e+03
3.849999845637999897e+03 3.849999910961700152e+03 3.850000036296400140e+03 3.850000026567100122e+03 3.849999991002659954e+03 3.849999985751800068e+03 3.850027903199999855e+03 3.850000015253900074e+03 3.849999911400299879e+03 3.849999656350999885e+03 3.850012725800000226e+03 3.849999891222999850e+03
3.849999769998999909e+03 3.849999938157499855e+03 3.850000055036899994e+03 3.850000044137399982e+03 3.849999911587200131e+03 3.850000030211000194e+03 3.850000059399500060e+03 3.849999939214500046e+03 3.849999465204999979e+03 3.849999443023999902e+03 3.849999606942999890e+03 3.849999193245999777e+03
3.849999992507349816e+03 3.850000080987999809e+03 3.849999988627600032e+03 3.849999983246600095e+03 3.849999898431000020e+03 3.850000012534800135e+03 3.849999918471899946e+03 3.849999872679999953e+03 3.849998800710000069e+03 3.849998969130000205e+03 3.849999141627999961e+03 3.849998975619999783e+03
4.090000000000000000e+03 4.090000000000000000e+03 4.090000000000000000e+03 4.090000000000000000e+03 4.090000000000000000e+03 4.090000000000000000e+03 4.090000000000000000e+03 4.090000000000000000e+03 4.090000000000000000e+03 4.090000000000000000e+03 4.090000000000000000e+03 4.090000000000000000e+03
4.089999776236999878e+03 4.089999837313000171e+03 4.090000094757900115e+03 4.090000065355000061e+03 4.089999658958000055e+03 4.089999701921999986e+03 4.089999673853999866e+03 4.089999678165000205e+03 4.089998123049999776e+03 4.089997748509999838e+03 4.089998178360000111e+03 4.089997677129999829e+03
4.089999977961399964e+03 4.090000074996100011e+03 4.089999912366799890e+03 4.089999860911999804e+03 4.089999591753999994e+03 4.089999651157999779e+03 4.089999405449999813e+03 4.089999610693999784e+03 4.089997291680000217e+03 4.089997152710000137e+03 4.089997520089999853e+03 4.089997372169999835e+03
4.089999884586000007e+03 4.089999956234300043e+03 4.089999871417000122e+03 4.089999897247999797e+03 4.089999801864999881e+03 4.089999957070900109e+03 4.089999746648999917e+03 4.089999804182999924e+03 4.089997118390000196e+03 4.089997083360000033e+03 4.089997322969999914e+03 4.089997309150000092e+03
4.330000000000000000e+03 4.330000000000000000e+03 4.330000000000000000e+03 4.330000000000000000e+03 4.330000000000000000e+03 4.330000000000000000e+03 4.330000000000000000e+03 4.330000000000000000e+03 4.330000000000000000e+03 4.330000000000000000e+03 4.330000000000000000e+03 4.330000000000000000e+03
4.329999971389100210e+03 4.329999942688100418e+03 4.329999749042999611e+03 4.329999697465000281e+03 4.329999319012999877e+03 4.329999395630000436e+03 4.329999156099999709e+03 4.329999472143000276e+03 4.329996823999999833e+03 4.329996625689999746e+03 4.329997391789999710e+03 4.329997508460000063e+03
4.329999692639000386e+03 4.329999593827000353e+03 4.329999449179000294e+03 4.329999400294999759e+03 4.329999214004999885e+03 4.329999322859000131e+03 4.329999480178999875e+03 4.329999552799000412e+03 4.329996893339999588e+03 4.329996737849999590e+03 4.329997402400000283e+03 4.329997237409999798e+03
4.330000093626799753e+03 4.329999903050499597e+03 4.329999729674999799e+03 4.329999612687999615e+03 4.329999575455999548e+03 4.329999866453000323e+03 4.329999616510999658e+03 4.329999894913000389e+03 4.329996732280000288e+03 4.329996719679999842e+03 4.329996772249999594e+03 4.329996571409999888e+03
4.566000000000000000e+03 4.566000000000000000e+03 4.566000000000000000e+03 4.566000000000000000e+03 4.566000000000000000e+03 4.566000000000000000e+03 4.566000000000000000e+03 4.566000000000000000e+03 4.566000000000000000e+03 4.566000000000000000e+03 4.566000000000000000e+03 4.566000000000000000e+03
4.565999515593999604e+03 4.565999744937000287e+03 4.565999782056000186e+03 4.565999710641000092e+03 4.565999365587999819e+03 4.565999495154999750e+03 4.565999279186000422e+03 4.565999687980999624e+03 4.565995534489999955e+03 4.565995296860000053e+03 4.565996033450000141e+03 4.565994913499999711e+03
4.565999652331999641e+03 4.565999658992999684e+03 4.565999566810999568e+03 4.565999410868999803e+03 4.565998959470000045e+03 4.565999300559999938e+03 4.565999100500000168e+03 4.565999723977999565e+03 4.565994651830000294e+03 4.565994687639999938e+03 4.565994784759999675e+03 4.565993760719999955e+03
4.565999801074999596e+03 4.565999652481999874e+03 4.565999730262999947e+03 4.565999611713999911e+03 4.565999158761000217e+03 4.565999702654000430e+03 4.565999725134999608e+03 4.566000132457000291e+03 4.565995319990000098e+03 4.565995411120000426e+03 4.565994247910000013e+03 4.565993992009999602e+03
4.762000000000000000e+03 4.762000000000000000e+03 4.762000000000000000e+03 4.762000000000000000e+03 4.762000000000000000e+03 4.762000000000000000e+03 4.762000000000000000e+03 4.762000000000000000e+03 4.762000000000000000e+03 4.762000000000000000e+03 4.762000000000000000e+03 4.762000000000000000e+03
4.761999194340999566e+03 4.761999398592999569e+03 4.761999194236999756e+03 4.761999159951999900e+03 4.761998463279999669e+03 4.761998552390000441e+03 4.761998299859999861e+03 4.761999347666000176e+03 4.761992579579999983e+03 4.761992819299999610e+03 4.761992050269999709e+03 4.761990002260000438e+03
4.761999085151999680e+03 4.761999283969999851e+03 4.761999263589000293e+03 4.761999263208999764e+03 4.761998568930000147e+03 4.761998763700000382e+03 4.761998832459999903e+03 4.761999745498000266e+03 4.761991967289999593e+03 4.761992805730000327e+03 4.761990362380000079e+03 4.761988383500000054e+03
4.761999655528999938e+03 4.761999590041999909e+03 4.761999501625000448e+03 4.761999559611999757e+03 4.761998780259999876e+03 4.761999150896000174e+03 4.761999306789000002e+03 4.761999890164000135e+03 4.761993321289999585e+03 4.761994271790000312e+03 4.761992003020000084e+03 4.761990855660000307e+03
4.967000000000000000e+03 4.967000000000000000e+03 4.967000000000000000e+03 4.967000000000000000e+03 4.967000000000000000e+03 4.967000000000000000e+03 4.967000000000000000e+03 4.967000000000000000e+03 4.967000000000000000e+03 4.967000000000000000e+03 4.967000000000000000e+03 4.967000000000000000e+03
4.966998974500000259e+03 4.966999130606999643e+03 4.966998905980000018e+03 4.966998861369999759e+03 4.966998135269999693e+03 4.966997786279999673e+03 4.966997754680000071e+03 4.966999028342000202e+03 4.966989188900000045e+03 4.966989402500000324e+03 4.966986780399999589e+03 4.966980554699999630e+03
4.966999349233999965e+03 4.966999245363000227e+03 4.966998869820000436e+03 4.966998852710000392e+03 4.966997900940000363e+03 4.966996891169999799e+03 4.966997421670000222e+03 4.966998501320000287e+03 4.966987451300000430e+03 4.966988023599999906e+03 4.966983679400000256e+03 4.966976513800000248e+03
4.966999743413999568e+03 4.966999468605999937e+03 4.966999219991999780e+03 4.966999216037000224e+03 4.966998142360000202e+03 4.966996240380000017e+03 4.966997378979999667e+03 4.966997941429999628e+03 4.966990874969999822e+03 4.966990079750000405e+03 4.966986772500000370e+03 4.966983987200000229e+03
5.194000000000000000e+03 5.194000000000000000e+03 5.194000000000000000e+03 5.194000000000000000e+03 5.194000000000000000e+03 5.194000000000000000e+03 5.194000000000000000e+03 5.194000000000000000e+03 5.194000000000000000e+03 5.194000000000000000e+03 5.194000000000000000e+03 5.194000000000000000e+03
5.193998506750000161e+03 5.193997333440000148e+03 5.193997155250000105e+03 5.193996753680000438e+03 5.193995897580000019e+03 5.193992193090000001e+03 5.193993010909999612e+03 5.193994308280000041e+03 5.193982261099999960e+03 5.193978367599999729e+03 5.193975304599999617e+03 5.193962819000000309e+03
5.193999604290000207e+03 5.193998473159999776e+03 5.193998656970000411e+03 5.193997996189999867e+03 5.193993495990000156e+03 5.193988773899999615e+03 5.193989142000000356e+03 5.193990067669999917e+03 5.193975301899999977e+03 5.193959602599999926e+03 5.193974616299999980e+03 5.193956270499999846e+03
5.193999834922000446e+03 5.193997812669999803e+03 5.193998849220000011e+03 5.193997527989999980e+03 5.193997721390000152e+03 5.193985866400000305e+03 5.193989137100000335e+03 5.193985467299999982e+03 5.193980822000000444e+03 5.193975367799999731e+03 5.193983347100000174e+03 5.193965714500000104e+03
5.394000000000000000e+03 5.394000000000000000e+03 5.394000000000000000e+03 5.394000000000000000e+03 5.394000000000000000e+03 5.394000000000000000e+03 5.394000000000000000e+03 5.394000000000000000e+03 5.394000000000000000e+03 5.394000000000000000e+03 5.394000000000000000e+03 5.394000000000000000e+03
5.393998718009999720e+03 5.393994824090000293e+03 5.393995670530000098e+03 5.393992968620000283e+03 5.393995789089999562e+03 5.393971661399999903e+03 5.393973297499999717e+03 5.393961738500000138e+03 5.393950192600000264e+03 5.393930448400000387e+03 5.393951487100000122e+03 5.393870839000000160e+03
5.393998557289999553e+03 5.393992412919999879e+03 5.393993366159999823e+03 5.393989679999999680e+03 5.393992432930000177e+03 5.393963075499999832e+03 5.393960712099999910e+03 5.393941910399999870e+03 5.393940284299999803e+03 5.393914539600000353e+03 5.393943814799999927e+03 5.393872030000000450e+03
5.393999321573999623e+03 5.393992340570000124e+03 5.393993437019999874e+03 5.393989695500000380e+03 5.393993805830000383e+03 5.393962482500000078e+03 5.393964404700000159e+03 5.393946644399999968e+03 5.393968495699999949e+03 5.393954483200000141e+03 5.393973302000000331e+03 5.393949872999999570e+03
5.594000000000000000e+03 5.594000000000000000e+03 5.594000000000000000e+03 5.594000000000000000e+03 5.594000000000000000e+03 5.594000000000000000e+03 5.594000000000000000e+03 5.594000000000000000e+03 5.594000000000000000e+03 5.594000000000000000e+03 5.594000000000000000e+03 5.594000000000000000e+03
5.593998019179999574e+03 5.593983929699999862e+03 5.593984895700000379e+03 5.593978982800000267e+03 5.593985733700000310e+03 5.593922563799999807e+03 5.593930133599999863e+03 5.593896810000000187e+03 5.593915602799999760e+03 5.593855271999999786e+03 5.593903390899999977e+03 5.593841583999999784e+03
5.593998226759999852e+03 5.593980754700000034e+03 5.593982922999999573e+03 5.593971674200000052e+03 5.593986743899999965e+03 5.593907218100000136e+03 5.593920801700000084e+03 5.593888780999999653e+03 5.593926438299999973e+03 5.593878442000000177e+03 5.593907049999999799e+03 5.593879694000000200e+03
5.593998725970000123e+03 5.593983035799999925e+03 5.593985619000000042e+03 5.593967580599999565e+03 5.593987110299999586e+03 5.593933478500000092e+03 5.593954104999999799e+03 5.593931738299999779e+03 5.593972810899999786e+03 5.593962792299999819e+03 5.593964699500000279e+03 5.593947213800000100e+03
5.793000000000000000e+03 5.793000000000000000e+03 5.793000000000000000e+03 5.793000000000000000e+03 5.793000000000000000e+03 5.793000000000000000e+03 5.793000000000000000e+03 5.793000000000000000e+03 5.793000000000000000e+03 5.793000000000000000e+03 5.793000000000000000e+03 5.793000000000000000e+03
5.792997655309999573e+03 5.792974997600000279e+03 5.792979644400000325e+03 5.792947611999999936e+03 5.792984894899999745e+03 5.792877722000000176e+03 5.792919001100000060e+03 5.792862280999999712e+03 5.792914494599999671e+03 5.792847990000000209e+03 5.792847139000000425e+03 5.792859956999999667e+03
5.792997755379999944e+03 5.792976445600000261e+03 5.792986420999999609e+03 5.792947339899999861e+03 5.792986430699999801e+03 5.792880457999999635e+03 5.792945967499999824e+03 5.792863616999999977e+03 5.792933175899999696e+03 5.792883992000000035e+03 5.792880003000000215e+03 5.792875856999999996e+03
5.792998388349999914e+03 5.792985600799999702e+03 5.792993001230000118e+03 5.792965821099999630e+03 5.792993521100000180e+03 5.792936130600000070e+03 5.792974795000000086e+03 5.792916446700000051e+03 5.792976777099999708e+03 5.792973224999999729e+03 5.792967394100000092e+03 5.792953968400000122e+03
6.052000000000000000e+03 6.052000000000000000e+03 6.052000000000000000e+03 6.052000000000000000e+03 6.052000000000000000e+03 6.052000000000000000e+03 6.052000000000000000e+03 6.052000000000000000e+03 6.052000000000000000e+03 6.052000000000000000e+03 6.052000000000000000e+03 6.052000000000000000e+03
6.051997470579999572e+03 6.051989957099999629e+03 6.051993462090000321e+03 6.051964807600000313e+03 6.051993309039999986e+03 6.051940903300000173e+03 6.051968395599999894e+03 6.051891020000000026e+03 6.051943370699999832e+03 6.051907293199999913e+03 6.051906533200000013e+03 6.051894035999999687e+03
6.051998329369999738e+03 6.051995983840000008e+03 6.051996360430000095e+03 6.051472270000000208e+03 6.051997841080000399e+03 6.051976154400000269e+03 6.051987060200000087e+03 6.051935525300000336e+03 6.051967559400000027e+03 6.051952149900000222e+03 6.051949556300000040e+03 6.051939172299999882e+03
6.051998963889999686e+03 6.051998248070000045e+03 6.051998263749999751e+03 6.051998259760000110e+03 6.051998506570000245e+03 6.051994934649999777e+03 6.051991982640000060e+03 6.051980004400000325e+03 6.051989861699999892e+03 6.051992077160000008e+03 6.051980678300000363e+03 6.051983493400000043e+03
6.311000000000000000e+03 6.311000000000000000e+03 6.311000000000000000e+03 6.311000000000000000e+03 6.311000000000000000e+03 6.311000000000000000e+03 6.311000000000000000e+03 6.311000000000000000e+03 6.311000000000000000e+03 6.311000000000000000e+03 6.311000000000000000e+03 6.311000000000000000e+03
6.311003856100000121e+03 6.311003799799999797e+03 6.311006277139999838e+03 6.311006487700000434e+03 6.311007087500000125e+03 6.311008109759999570e+03 6.311009874979999950e+03 6.311006279010000071e+03 6.310999141670000427e+03 6.310998840729999756e+03 6.311000670145000186e+03 6.311006014309999955e+03
6.311000768939999944e+03 6.311000008230409549e+03 6.315381989999999860e+03 6.312736429999999928e+03 6.311000937509999858e+03 6.310999862886000301e+03 6.311002791380000417e+03 6.318489950000000135e+03 6.310996591310000440e+03 6.310996955059999891e+03 6.316744529999999941e+03 6.310904001400000197e+03
6.311000756966000154e+03 6.311000088922800387e+03 6.310999971946000187e+03 6.310999803114000315e+03 6.311000340702000358e+03 6.310999933955399683e+03 6.311000664952000079e+03 6.311001103429999603e+03 6.310999757636000140e+03 6.311000471297000331e+03 6.310992251949999627e+03 6.310946906400000444e+03
6.569500000000000000e+03 6.569500000000000000e+03 6.569500000000000000e+03 6.569500000000000000e+03 6.569500000000000000e+03 6.569500000000000000e+03 6.569500000000000000e+03 6.569500000000000000e+03 6.569500000000000000e+03 6.569500000000000000e+03 6.569500000000000000e+03 6.569500000000000000e+03
6.569501235130000168e+03 6.569501475729999584e+03 6.569501424400000360e+03 6.569097149000000172e+03 6.569501127169999563e+03 6.569501124319999690e+03 6.569500836750000417e+03 6.569148524999999609e+03 6.569500858866999806e+03 6.569498707660000036e+03 6.569357009000000289e+03 6.569204824999999801e+03
6.569501525089999632e+03 6.569501024719999805e+03 6.569501321810000263e+03 6.569496564379999654e+03 6.569501268869999876e+03 6.569500402957000006e+03 6.569499921312400147e+03 6.569498012150000250e+03 6.569496476059999623e+03 6.569495835540000371e+03 6.569381667999999991e+03 6.569517988700000387e+03
6.569500212136999835e+03 6.569500174619000063e+03 6.569500551635000193e+03 6.569500547192000340e+03 6.569499052563999612e+03 6.569500534820000212e+03 6.569499440114999743e+03 6.569497855730000083e+03 6.569496575500000290e+03 6.569498153059999822e+03 6.569472125199999937e+03 6.569498750099999597e+03
6.828000000000000000e+03 6.828000000000000000e+03 6.828000000000000000e+03 6.828000000000000000e+03 6.828000000000000000e+03 6.828000000000000000e+03 6.828000000000000000e+03 6.828000000000000000e+03 6.828000000000000000e+03 6.828000000000000000e+03 6.828000000000000000e+03 6.828000000000000000e+03
6.828003957750000154e+03 6.828003506969999762e+03 6.828004999200000384e+03 6.828004816839999876e+03 6.828005236089999926e+03 6.828007979760000126e+03 6.828007126530000278e+03 6.828004892629999631e+03 6.827999904852799773e+03 6.828001254390000213e+03 6.828000334747000124e+03 6.828001542590000099e+03
6.828000201902000299e+03 6.827999432667999827e+03 6.827998783789999834e+03 6.821809140000000298e+03 6.827997343039999578e+03 6.827998067489999812e+03 6.825136679999999615e+03 6.827976250900000196e+03 6.827985975200000212e+03 6.827967332700000043e+03 6.827965330500000164e+03 6.827969744699999865e+03
6.828000117126999612e+03 6.827999127181999938e+03 6.827999532744999669e+03 6.827999273866999829e+03 6.827995736120000402e+03 6.827993844139999965e+03 6.827973242400000345e+03 6.827964588099999673e+03 6.827990145910000138e+03 6.827963580200000251e+03 6.827963628000000426e+03 6.827974221399999806e+03
7.086600000000000364e+03 7.086600000000000364e+03 7.086600000000000364e+03 7.086600000000000364e+03 7.086600000000000364e+03 7.086600000000000364e+03 7.086600000000000364e+03 7.086600000000000364e+03 7.086600000000000364e+03 7.086600000000000364e+03 7.086600000000000364e+03 7.086600000000000364e+03
7.086599339463999968e+03 7.086596763080000528e+03 7.086591534810000667e+03 7.086591065390000040e+03 7.086591530659999989e+03 7.086588895100000627e+03 7.086511752600000364e+03 7.086524903400000767e+03 7.086564301899999919e+03 7.086487825000000157e+03 7.086460450999999921e+03 7.086512072500000613e+03
7.086598818490000667e+03 7.086596560810000483e+03 7.086593991180000558e+03 7.086593802990000768e+03 7.086591929310000523e+03 7.086591596490000484e+03 7.086512313600000198e+03 7.086532264600000417e+03 7.086576141600000483e+03 7.086518984100000125e+03 7.086516990099999930e+03 7.086543453500000396e+03
7.086598773980000260e+03 7.086596819979999964e+03 7.086594315090000237e+03 7.086596916180000335e+03 7.086595765770000071e+03 7.086594744259999970e+03 7.086556861500000196e+03 7.086569208700000672e+03 7.086595307950000461e+03 7.086590223030000743e+03 7.086585280600000260e+03 7.086593255540000428e+03
7.318000000000000000e+03 7.318000000000000000e+03 7.318000000000000000e+03 7.318000000000000000e+03 7.318000000000000000e+03 7.318000000000000000e+03 7.318000000000000000e+03 7.318000000000000000e+03 7.318000000000000000e+03 7.318000000000000000e+03 7.318000000000000000e+03 7.318000000000000000e+03
7.317996148010000070e+03 7.317991936170000372e+03 7.317980688599999667e+03 7.317990197070000249e+03 7.317993932020000102e+03 7.317990897939999741e+03 7.317869635000000017e+03 7.317916365199999746e+03 7.317985574600000291e+03 7.317893025000000307e+03 7.317864663999999721e+03 7.317890932999999677e+03
7.317995888350000314e+03 7.317992341330000272e+03 7.317983411700000033e+03 7.317991202199999861e+03 7.317995397020000382e+03 7.317991583879999780e+03 7.317876057999999830e+03 7.317920507499999985e+03 7.317988845900000342e+03 7.317922857100000329e+03 7.317902820199999951e+03 7.317911267100000259e+03
7.317996768209999573e+03 7.317993925779999699e+03 7.317987719200000356e+03 7.317997507119999682e+03 7.317997632769999655e+03 7.317993753490000017e+03 7.317946278800000073e+03 7.317965803600000072e+03 7.317994661769999766e+03 7.317985881300000074e+03 7.317983429900000374e+03 7.317979879000000437e+03
7.599000000000000000e+03 7.599000000000000000e+03 7.599000000000000000e+03 7.599000000000000000e+03 7.599000000000000000e+03 7.599000000000000000e+03 7.599000000000000000e+03 7.599000000000000000e+03 7.599000000000000000e+03 7.599000000000000000e+03 7.599000000000000000e+03 7.599000000000000000e+03
7.598994935919999989e+03 7.598989615600000434e+03 7.598980194800000390e+03 7.598991821309999978e+03 7.598998214520000147e+03 7.598991661379999641e+03 7.598891569999999774e+03 7.598920114999999896e+03 7.598988714099999925e+03 7.598889296000000286e+03 7.598863220999999612e+03 7.598884350999999697e+03
7.598995154330000332e+03 7.598989613800000370e+03 7.598982641900000090e+03 7.598992237909999858e+03 7.598999024495999947e+03 7.598990730129999974e+03 7.598912887299999966e+03 7.598932754299999942e+03 7.598989909400000215e+03 7.598918304699999680e+03 7.598903547199999593e+03 7.598917114199999560e+03
7.598997056889999840e+03 7.598994115880000209e+03 7.598991964640000333e+03 7.598998926449999999e+03 7.598999332074000449e+03 7.598994110960000398e+03 7.598978779000000031e+03 7.598976840399999674e+03 7.598996343560000241e+03 7.598986455700000079e+03 7.598991703489999963e+03 7.598992741129999558e+03
7.830000000000000000e+03 7.830000000000000000e+03 7.830000000000000000e+03 7.830000000000000000e+03 7.830000000000000000e+03 7.830000000000000000e+03 7.830000000000000000e+03 7.830000000000000000e+03 7.830000000000000000e+03 7.830000000000000000e+03 7.830000000000000000e+03 7.830000000000000000e+03
7.829995061949999581e+03 7.829990913030000229e+03 7.829982914799999890e+03 7.829996194639999885e+03 7.830000540680999620e+03 7.829990972630000215e+03 7.829932196400000066e+03 7.829941897400000016e+03 7.829991417580000416e+03 7.829907856599999832e+03 7.829865638999999646e+03 7.829889984999999797e+03
7.829996231969999826e+03 7.829994533590000174e+03 7.829991011619999881e+03 7.829996320000000196e+03 7.829999077407000186e+03 7.829991867120000279e+03 7.829942974599999616e+03 7.829950845000000299e+03 7.829993011710000246e+03 7.829946911000000000e+03 7.829916702200000145e+03 7.829930861499999992e+03
7.829997968249999758e+03 7.829997488959999828e+03 7.829995872880000206e+03 7.829998065230000066e+03 7.829998408649999874e+03 7.829997332519999873e+03 7.829987511399999676e+03 7.829986787900000309e+03 7.829995466469999883e+03 7.829993081880000318e+03 7.829993146890000389e+03 7.829994753330000094e+03
8.077199999999999818e+03 8.077199999999999818e+03 8.077199999999999818e+03 8.077199999999999818e+03 8.077199999999999818e+03 8.077199999999999818e+03 8.077199999999999818e+03 8.077199999999999818e+03 8.077199999999999818e+03 8.077199999999999818e+03 8.077199999999999818e+03 8.077199999999999818e+03
8.077198178179999559e+03 8.077196690650000164e+03 8.077192925479999758e+03 8.077198405129999628e+03 8.077199956643299629e+03 8.077194891289999759e+03 8.077156456699999580e+03 8.077146615599999677e+03 8.077190021599999454e+03 8.077158418299999539e+03 8.077078658999999789e+03 8.077106421200000113e+03
8.077198807759999909e+03 8.077197649709999496e+03 8.077194307490000028e+03 8.077197342700000263e+03 8.077198555279999709e+03 8.077194330249999439e+03 8.077172782799999368e+03 8.077149359099999856e+03 8.077192375179999544e+03 8.077176730899999711e+03 8.077136597099999562e+03 8.077146005300000070e+03
8.077199378858999808e+03 8.077198194749999857e+03 8.077196565180000107e+03 8.077200385323999399e+03 8.077199654033000115e+03 8.077179142899999533e+03 8.077193125490000057e+03 8.077198128259999976e+03 8.077195118869999533e+03 8.077195818619999955e+03 8.077195555629999944e+03 8.077195002919999752e+03
8.432600000000000364e+03 8.432600000000000364e+03 8.432600000000000364e+03 8.432600000000000364e+03 8.432600000000000364e+03 8.432600000000000364e+03 8.432600000000000364e+03 8.432600000000000364e+03 8.432600000000000364e+03 8.432600000000000364e+03 8.432600000000000364e+03 8.432600000000000364e+03
8.432598745590001272e+03 8.432598356390000845e+03 8.432599140685000748e+03 8.432587417000000642e+03 8.432602539190000243e+03 8.432600511443000869e+03 8.432559706100000767e+03 8.432531445700000404e+03 8.432586984999999913e+03 8.432588590400000612e+03 8.432541788200000155e+03 8.432550817100000131e+03
8.432598418400000810e+03 8.432597826659999555e+03 8.432597302809999746e+03 8.419269700000000739e+03 8.432598685349999869e+03 8.432600634898999488e+03 8.432576143500000398e+03 8.432566572600000654e+03 8.432598252920000959e+03 8.432593198500000653e+03 8.432545844199999920e+03 8.432560877699999764e+03
8.432599281746000997e+03 8.432598826130000816e+03 8.432599194959000670e+03 8.432598539410000740e+03 8.432598518450000483e+03 8.432599103743001251e+03 8.432588679200000115e+03 8.432589824700000463e+03 8.432598988290001216e+03 8.432597819190001246e+03 8.432596467499999562e+03 8.432589377500000410e+03
8.966200000000000728e+03 8.966200000000000728e+03 8.966200000000000728e+03 8.966200000000000728e+03 8.966200000000000728e+03 8.966200000000000728e+03 8.966200000000000728e+03 8.966200000000000728e+03 8.966200000000000728e+03 8.966200000000000728e+03 8.966200000000000728e+03 8.966200000000000728e+03
8.966198685790001036e+03 8.966197017690001303e+03 8.966196433529999922e+03 8.966192820400001438e+03 8.966200698362999901e+03 8.966198783640000329e+03 8.966158703200000673e+03 8.966156999200000428e+03 8.966198661800000991e+03 8.966189830000001166e+03 8.966108551100000113e+03 8.955115600000000995e+03
8.966199287160001404e+03 8.966196921660000953e+03 8.966196491930000775e+03 8.966193287770000097e+03 8.966197030070001347e+03 8.966195817610001541e+03 8.966155146200000672e+03 8.966153879000001325e+03 8.966197366520000287e+03 8.966188896100000420e+03 8.966113597600000503e+03 8.966138602700000774e+03
8.966200064146500154e+03 8.966198481010000251e+03 8.966198637160001454e+03 8.966197155710000516e+03 8.966197012930000710e+03 8.966197647009999855e+03 8.966189779300000737e+03 8.966190651160000925e+03 8.966197330790000706e+03 8.966194865110001047e+03 8.966192155360000470e+03 8.966191945050000868e+03
9.499600000000000364e+03 9.499600000000000364e+03 9.499600000000000364e+03 9.499600000000000364e+03 9.499600000000000364e+03 9.499600000000000364e+03 9.499600000000000364e+03 9.499600000000000364e+03 9.499600000000000364e+03 9.499600000000000364e+03 9.499600000000000364e+03 9.499600000000000364e+03
9.499599094260000129e+03 9.499597448689999510e+03 9.499595827430001009e+03 9.499592635930001052e+03 9.499592851940000401e+03 9.499592583839999861e+03 9.499539663200001087e+03 9.499537821400001121e+03 9.499580567599999995e+03 9.499572158700000728e+03 9.499515236100000038e+03 9.499537891699999818e+03
9.499599061516000802e+03 9.499598310830000628e+03 9.499596289279999837e+03 9.499595479100000375e+03 9.499595034109999688e+03 9.499592399650000516e+03 9.499546322000000146e+03 9.499543825900000229e+03 9.499577514700000393e+03 9.499570456800000102e+03 9.499540557899999840e+03 9.499549157999999807e+03
9.499599635705000765e+03 9.499599361259999569e+03 9.499597920600001089e+03 9.499597866660000363e+03 9.499598164049999468e+03 9.499595392569999603e+03 9.499581411900000603e+03 9.499579151400001138e+03 9.499592151730001206e+03 9.499585977300001105e+03 9.499585833000001003e+03 9.499592679780000253e+03
1.003300000000000000e+04 1.003300000000000000e+04 1.003300000000000000e+04 1.003300000000000000e+04 1.003300000000000000e+04 1.003300000000000000e+04 1.003300000000000000e+04 1.003300000000000000e+04 1.003300000000000000e+04 1.003300000000000000e+04 1.003300000000000000e+04 1.003300000000000000e+04
1.003299939216200073e+04 1.003299950476300000e+04 1.003299753744000009e+04 1.003299735642999985e+04 1.003299721076999958e+04 1.003298891750000075e+04 1.003294786650000060e+04 1.003291829279999911e+04 1.003298718809999991e+04 1.003298054740000043e+04 1.003295437200000015e+04 1.003293015120000018e+04
1.003299911770300059e+04 1.003300040060299943e+04 1.003299807925999994e+04 1.003299929833200076e+04 1.003299938081199980e+04 1.003297961639999994e+04 1.003295572050000010e+04 1.003294365850000031e+04 1.003299231379000048e+04 1.003298221999999987e+04 1.003296020259999932e+04 1.003294528379999974e+04
1.003317190300000038e+04 1.003313303000000087e+04 1.003306362300000001e+04 1.003310380000000077e+04 1.003290714289999960e+04 1.003291218680000020e+04 1.003301454729999932e+04 1.003301434329999938e+04 1.003290004860000045e+04 1.003280175600000075e+04 1.003293139999999948e+04 1.003257952400000067e+04
1.056656377299999986e+04 1.056652569199999925e+04 1.056645635260000017e+04 1.056649586099999942e+04 1.056629960600000049e+04 1.056630462729999999e+04 1.056640461152999887e+04 1.056640294310999889e+04 1.056628596900000048e+04 1.056618785399999979e+04 1.056631617329999972e+04 1.056596735599999920e+04
1.056655530399999952e+04 1.056651835000000028e+04 1.056644885369999975e+04 1.056648775349999960e+04 1.056629255499999999e+04 1.056629741800000011e+04 1.056639486957000008e+04 1.056639184329999989e+04 1.056626846599999953e+04 1.056617080799999894e+04 1.056629901900000004e+04 1.056595301900000049e+04
1.056655691300000035e+04 1.056651831700000002e+04 1.056644901759999993e+04 1.056648756849999882e+04 1.056629416300000048e+04 1.056629806499999904e+04 1.056639587043000029e+04 1.056639353158999984e+04 1.056628007199999956e+04 1.056618411799999922e+04 1.056630817000000025e+04 1.056596583599999940e+04
1.056654941399999916e+04 1.056651127999999881e+04 1.056644217589999971e+04 1.056647997509999914e+04 1.056628759700000046e+04 1.056629104699999880e+04 1.056638675799999874e+04 1.056638351870000042e+04 1.056626901299999918e+04 1.056617305800000031e+04 1.056629598900000019e+04 1.056595661999999902e+04
1.109994105799999852e+04 1.109990423699999883e+04 1.109983460980000018e+04 1.109987207320000016e+04 1.109968058199999905e+04 1.109968416999999863e+04 1.109977715849999913e+04 1.109977333799999906e+04 1.109964716799999951e+04 1.109955009599999903e+04 1.109967500399999881e+04 1.109933617899999990e+04
1.109993331599999874e+04 1.109989672590000009e+04 1.109982635589999882e+04 1.109986330579999958e+04 1.109967396999999983e+04 1.109967749399999957e+04 1.109976724909999939e+04 1.109976373160000003e+04 1.109962395499999911e+04 1.109952692199999910e+04 1.109965183499999875e+04 1.109931643299999996e+04
1.109993578499999967e+04 1.109989793909999935e+04 1.109982908459999999e+04 1.109986538099999962e+04 1.109967864599999848e+04 1.109968006599999899e+04 1.109977211709999938e+04 1.109976688179999837e+04 1.109965684399999918e+04 1.109956417499999952e+04 1.109968106299999999e+04 1.109935076699999991e+04
1.109992768900000010e+04 1.109989030949999869e+04 1.109982155769999918e+04 1.109985698499999853e+04 1.109967204099999981e+04 1.109967276200000015e+04 1.109976246979999996e+04 1.109975723909999942e+04 1.109964461599999959e+04 1.109955030899999838e+04 1.109966660999999840e+04 1.109933966099999998e+04
1.163331820900000093e+04 1.163328143090000049e+04 1.163321259790000113e+04 1.163324705429999995e+04 1.163306305600000087e+04 1.163306397199999992e+04 1.163315110920000006e+04 1.163314760220000062e+04 1.163301204800000050e+04 1.163291693400000077e+04 1.163303522800000064e+04 1.163270535600000039e+04
1.163331031900000016e+04 1.163327233660000093e+04 1.163320379670000148e+04 1.163323686369999996e+04 1.163305437400000119e+04 1.163305626200000006e+04 1.163314076209999985e+04 1.163313967010000124e+04 1.163297554500000115e+04 1.163288215100000161e+04 1.163300507800000014e+04 1.163267479200000162e+04
1.163331461900000068e+04 1.163327761900000041e+04 1.163320885648000149e+04 1.163324299070000052e+04 1.163306313899999986e+04 1.163306182600000102e+04 1.163314820330000111e+04 1.163314051970000037e+04 1.163303379300000051e+04 1.163294404300000133e+04 1.163305263500000001e+04 1.163273415900000145e+04
1.163330535400000008e+04 1.163326918389999992e+04 1.163320056158500120e+04 1.163323367210000106e+04 1.163305472900000132e+04 1.163305222300000059e+04 1.163313660660000096e+04 1.163313032530000055e+04 1.163301596000000063e+04 1.163292492400000083e+04 1.163303441000000021e+04 1.163271628400000009e+04
1.216669223380000039e+04 1.216665519260000110e+04 1.216658766560000004e+04 1.216661842799999977e+04 1.216643904199999997e+04 1.216643889700000000e+04 1.216652087399999982e+04 1.216652037639999980e+04 1.216637113200000022e+04 1.216628203899999971e+04 1.216638815700000123e+04 1.216606438300000082e+04
1.216667995150000024e+04 1.216664221429999998e+04 1.216657579269999951e+04 1.216660484981999980e+04 1.216642437299999983e+04 1.216642591399999947e+04 1.216650652040000023e+04 1.216650961199999983e+04 1.216633420699999988e+04 1.216624663900000087e+04 1.216634818500000074e+04 1.216602529400000094e+04
1.216668880549999994e+04 1.216665296889999991e+04 1.216658426450000115e+04 1.216661569489999965e+04 1.216644367400000010e+04 1.216643894300000102e+04 1.216651853830000073e+04 1.216650943230000121e+04 1.216640295400000105e+04 1.216631780400000025e+04 1.216641607900000054e+04 1.216611004099999991e+04
1.216667617220000102e+04 1.216664120089999960e+04 1.216657230499999969e+04 1.216660247062999952e+04 1.216643149699999958e+04 1.216642478500000107e+04 1.216650172349999957e+04 1.216649609500000042e+04 1.216637636999999995e+04 1.216629255000000012e+04 1.216638735900000029e+04 1.216608057800000097e+04
1.270006029069999931e+04 1.270002484709999953e+04 1.269995622829999957e+04 1.269998529880000024e+04 1.269981026299999940e+04 1.269980441299999984e+04 1.269988050099999964e+04 1.269988240500000029e+04 1.269971803600000021e+04 1.269964037300000018e+04 1.269971924399999989e+04 1.269940065499999946e+04
1.270004874410000048e+04 1.270001265860000058e+04 1.269994333299999926e+04 1.269997226100000080e+04 1.269979489099999955e+04 1.269978698299999996e+04 1.269986222799999996e+04 1.269986670500000037e+04 1.269964701099999911e+04 1.269957720999999947e+04 1.269963569800000005e+04 1.269932571800000005e+04
1.270006228560000091e+04 1.270002687979999973e+04 1.269995768820000012e+04 1.269998617200000081e+04 1.269982341799999995e+04 1.269981409600000006e+04 1.269988644999999997e+04 1.269987472499999967e+04 1.269977094299999953e+04 1.269969097099999999e+04 1.269977640900000006e+04 1.269948523799999930e+04
1.270004955920000066e+04 1.270001449859999957e+04 1.269994500420000077e+04 1.269997210470000027e+04 1.269981096400000024e+04 1.269979730399999971e+04 1.269986748599999919e+04 1.269985860099999991e+04 1.269974041100000068e+04 1.269965974900000037e+04 1.269973928599999999e+04 1.269944241399999919e+04
1.323343447109999943e+04 1.323339671103000001e+04 1.323332537869999942e+04 1.323335151109999970e+04 1.323318743299999915e+04 1.323316449199999988e+04 1.323323538399999961e+04 1.323323150600000008e+04 1.323305692099999942e+04 1.323298579199999949e+04 1.323303823600000032e+04 1.323271889000000010e+04
1.323342760069999895e+04 1.323338597320000008e+04 1.323331254280000030e+04 1.323333612299999913e+04 1.323317216899999949e+04 1.323313424999999916e+04 1.323320530899999903e+04 1.323320232299999952e+04 1.323295999099999972e+04 1.323289325800000006e+04 1.324074560000000019e+04 1.323264403800000036e+04
1.323343759089999912e+04 1.323340167560999907e+04 1.323333199919999970e+04 1.323335740379999879e+04 1.323320485799999915e+04 1.323319171900000038e+04 1.323325633999999991e+04 1.323323935899999924e+04 1.323314318599999933e+04 1.323306605700000000e+04 1.323313959099999920e+04 1.323285928199999944e+04
1.323342487009999968e+04 1.323338675820000026e+04 1.323331701959999918e+04 1.323334019880000051e+04 1.323319100199999957e+04 1.323317047800000000e+04 1.323323149399999966e+04 1.323321557399999983e+04 1.323310469899999953e+04 1.323302680499999951e+04 1.323309014600000046e+04 1.323279762499999924e+04
1.376680831867999950e+04 1.376675804679999965e+04 1.376668830799999887e+04 1.376670296969999981e+04 1.376656541800000014e+04 1.376650809899999877e+04 1.376657012599999871e+04 1.376654958899999838e+04 1.376636749199999940e+04 1.376630311999999867e+04 1.376634273500000018e+04 1.376600041699999929e+04
1.376678792519999843e+04 1.376670907019999868e+04 1.376665002599999934e+04 1.376664677999999913e+04 1.376652944799999932e+04 1.376636098200000015e+04 1.376643416799999977e+04 1.376638229599999977e+04 1.376619447699999910e+04 1.376608184199999960e+04 1.376619099199999982e+04 1.376575269999999909e+04
1.376680034074099967e+04 1.376675826449999840e+04 1.376668712099999902e+04 1.376670787089999976e+04 1.376657563799999843e+04 1.376655353499999910e+04 1.376660382199999913e+04 1.376657913399999961e+04 1.376649703399999999e+04 1.376641951199999858e+04 1.376647267999999895e+04 1.376621361099999922e+04
1.376677612450000015e+04 1.376672188949999872e+04 1.376664928399999917e+04 1.376666394099999889e+04 1.376654869499999950e+04 1.376650421999999890e+04 1.376654278599999998e+04 1.376651221499999883e+04 1.376641764599999988e+04 1.376631936299999870e+04 1.376637277600000016e+04 1.376607559699999911e+04
1.430015074850000019e+04 1.430005133300000125e+04 1.429997937500000080e+04 1.429998131700000158e+04 1.429988556400000016e+04 1.429975898800000141e+04 1.429978861800000050e+04 1.429972724600000038e+04 1.429958706600000005e+04 1.429944623900000079e+04 1.429953868300000067e+04 1.429913665000000037e+04
1.430012509240000145e+04 1.429995593800000097e+04 1.429989172800000051e+04 1.429986040099999991e+04 1.429979732400000103e+04 1.429951562200000080e+04 1.429953955600000154e+04 1.429942636700000003e+04 1.429944216100000085e+04 1.429930726300000060e+04 1.429945629000000008e+04 1.429902407000000130e+04
1.430014632020000136e+04 1.430009356699999989e+04 1.430001803900000050e+04 1.430003140900000108e+04 1.429993169200000011e+04 1.429989892700000019e+04 1.429992509400000017e+04 1.429989587100000062e+04 1.429982836900000075e+04 1.429972392900000159e+04 1.429977241099999992e+04 1.429955147500000021e+04
1.430012077540000064e+04 1.430004779800000142e+04 1.429996872500000063e+04 1.429997388600000158e+04 1.429989368600000125e+04 1.429983207600000060e+04 1.429983481800000118e+04 1.429980749400000059e+04 1.429972082500000033e+04 1.429958191600000100e+04 1.429964143400000103e+04 1.429942366700000093e+04
1.483349160699999993e+04 1.483334787700000015e+04 1.483327228500000092e+04 1.483324309900000117e+04 1.483320503800000006e+04 1.483300492699999995e+04 1.483298909400000048e+04 1.483295459200000005e+04 1.483285948500000086e+04 1.483266043400000126e+04 1.483273951900000066e+04 1.483253709999999955e+04
1.483346645900000112e+04 1.483322510900000088e+04 1.483315907100000004e+04 1.483303485600000022e+04 1.483307400799999959e+04 1.483268061900000066e+04 1.483431081500000073e+04 1.483265388999999959e+04 1.483277168999999958e+04 1.483254607000000033e+04 1.483258980999999949e+04 1.483244221000000107e+04
1.483349376200000006e+04 1.483344223400000010e+04 1.483333743200000026e+04 1.483337333299999955e+04 1.483329560500000116e+04 1.483325579699999980e+04 1.483324271200000112e+04 1.483324282400000084e+04 1.483316453000000001e+04 1.483307531899999958e+04 1.483306500799999958e+04 1.483296515399999953e+04
1.483346869499999957e+04 1.483339572899999985e+04 1.483330839999999989e+04 1.483329446099999950e+04 1.483326225599999998e+04 1.483318020600000091e+04 1.483316922200000045e+04 1.483314859199999955e+04 1.483306169299999965e+04 1.483295052800000121e+04 1.483292313900000045e+04 1.483286007100000097e+04
1.536683607099999972e+04 1.536669844000000012e+04 1.536663131600000088e+04 1.536653695300000072e+04 1.536658065999999963e+04 1.536632866699999977e+04 1.536640136399999938e+04 1.536627163199999995e+04 1.536622519400000056e+04 1.536604093900000044e+04 1.536601886999999988e+04 1.536598813999999948e+04
1.536680486799999926e+04 1.536659881900000073e+04 1.536657820499999980e+04 1.536634960099999989e+04 1.536653138600000057e+04 1.536608902699999999e+04 1.536627682199999981e+04 1.536596004999999968e+04 1.536617713700000058e+04 1.536597513000000072e+04 1.536595607000000018e+04 1.536583846000000085e+04
1.536684324700000070e+04 1.536680017399999997e+04 1.536671586600000046e+04 1.536671903399999974e+04 1.536667104499999914e+04 1.536662847300000067e+04 1.536664030699999967e+04 1.536659932200000003e+04 1.536652915100000064e+04 1.536645461000000068e+04 1.536644080899999972e+04 1.536639115099999981e+04
1.536681965700000001e+04 1.536677224000000024e+04 1.536668804599999930e+04 1.536667334800000026e+04 1.536664967000000070e+04 1.536657516899999973e+04 1.536660262900000089e+04 1.536651975599999969e+04 1.536644670699999915e+04 1.536635544800000025e+04 1.536634696400000030e+04 1.536630113300000085e+04
1.590019887199999903e+04 1.590014203599999928e+04 1.590006769399999939e+04 1.589999152099999992e+04 1.590003323300000011e+04 1.589989936399999897e+04 1.589992836799999895e+04 1.589976367899999968e+04 1.589972166999999899e+04 1.589960050400000000e+04 1.589961036699999931e+04 1.589953634299999976e+04
1.590018824499999937e+04 1.590014174999999886e+04 1.590006672099999923e+04 1.590001425500000005e+04 1.590005052699999942e+04 1.589993139899999915e+04 1.589991895499999919e+04 1.589972683999999936e+04 1.589970928599999934e+04 1.589965762600000016e+04 1.589965858699999990e+04 1.589956452199999876e+04
1.590020086599999922e+04 1.590017351599999893e+04 1.590011623099999997e+04 1.590008239499999945e+04 1.590007176299999992e+04 1.590004387899999892e+04 1.590009412899999916e+04 1.590002232499999991e+04 1.589994832999999926e+04 1.589990983799999958e+04 1.589988665599999877e+04 1.589995106599999963e+04
1.590019759700000031e+04 1.590017522400000053e+04 1.590010437099999945e+04 1.590011162700000023e+04 1.590009903200000008e+04 1.590007738599999902e+04 1.590008088700000008e+04 1.585294779999999992e+04 1.589996957300000031e+04 1.589993556700000045e+04 1.589997240599999895e+04 1.589993718499999886e+04
1.640919007300000158e+04 1.640916532200000074e+04 1.640909711100000277e+04 1.640908986300000106e+04 1.640911185300000216e+04 1.640909073800000260e+04 1.640908799500000168e+04 1.640900841700000092e+04 1.640897139000000243e+04 1.640895804200000202e+04 1.640898403099999996e+04 1.640900173600000198e+04
1.640918846600000325e+04 1.640916365700000097e+04 1.640910099100000298e+04 1.640909484200000225e+04 1.640911898800000199e+04 1.640910647200000312e+04 1.640910566699999981e+04 1.640902723200000037e+04 1.640899793400000272e+04 1.640898073500000100e+04 1.640902020900000207e+04 1.640900052599999981e+04
1.640916920600000230e+04 1.640915338900000279e+04 1.640908248600000297e+04 1.640908748700000069e+04 1.640908086000000185e+04 1.640907852199999979e+04 1.640907551600000079e+04 1.640902441499999986e+04 1.640899280900000304e+04 1.640899002500000279e+04 1.640897470800000156e+04 1.640902890200000184e+04
1.640916238300000259e+04 1.640914557500000228e+04 1.640907372800000303e+04 1.640908453000000009e+04 1.640909532100000069e+04 1.640909430100000100e+04 1.640909266900000148e+04 1.640290207999999984e+04 1.640901093000000037e+04 1.640900173400000131e+04 1.640893538000000262e+04 1.640899655600000187e+04
1.668756528799999796e+04 1.668754783799999859e+04 1.668748985899999752e+04 1.668748977499999819e+04 1.668750188999999955e+04 1.668750937699999849e+04 1.668750593300000037e+04 1.668743967200000043e+04 1.668739352099999815e+04 1.668738470999999845e+04 1.668742919799999800e+04 1.668749603299999944e+04
1.668754755300000033e+04 1.668753272799999831e+04 1.668747282300000006e+04 1.668747406399999818e+04 1.668747059299999819e+04 1.668749224099999992e+04 1.668747199600000022e+04 1.668739279899999747e+04 1.668737122699999964e+04 1.668737657899999977e+04 1.668755994099999953e+04 1.668741399000000092e+04
1.668752982100000008e+04 1.668751716499999748e+04 1.668745386499999950e+04 1.668745481199999995e+04 1.668747238500000094e+04 1.668747257800000079e+04 1.668746621400000004e+04 1.668741054399999848e+04 1.668737777899999855e+04 1.668741665599999760e+04 1.668738837799999965e+04 1.668739489899999899e+04
1.668752376899999945e+04 1.668750946299999850e+04 1.668736177999999927e+04 1.668742288199999894e+04 1.668748210399999880e+04 1.668749069699999745e+04 1.668743741700000101e+04 1.668741102899999896e+04 1.668741562999999951e+04 1.668738573600000018e+04 1.668740217800000028e+04 1.668742733500000031e+04
1.729440004899999985e+04 1.729437140500000169e+04 1.729431044300000212e+04 1.729429763900000034e+04 1.729425112599999920e+04 1.729429997999999978e+04 1.729418529599999965e+04 1.729413690800000040e+04 1.729408350900000005e+04 1.729404340400000001e+04 1.729397712800000227e+04 1.729409929700000066e+04
1.729437622600000032e+04 1.729433299900000202e+04 1.729427390200000082e+04 1.729425252499999988e+04 1.729414285200000086e+04 1.729419724700000006e+04 1.729389893500000107e+04 1.729387204600000041e+04 1.729382170100000076e+04 1.729365435000000070e+04 1.729359293000000253e+04 1.729374615900000208e+04
1.729437579199999891e+04 1.729436596999999892e+04 1.729430250399999932e+04 1.729426548299999922e+04 1.729422398000000248e+04 1.729426924200000212e+04 1.729424711200000093e+04 1.729425936500000171e+04 1.729405795399999988e+04 1.729413197199999922e+04 1.729406285000000207e+04 1.729416728000000148e+04
1.729435218399999940e+04 1.729432747600000221e+04 1.728832072999999946e+04 1.729424839400000201e+04 1.729417930899999919e+04 1.729422058100000140e+04 1.729412184100000013e+04 1.729414145999999892e+04 1.729395353500000056e+04 1.729395559100000173e+04 1.729390359200000239e+04 1.729400329799999963e+04
1.753371690999999919e+04 1.753367408999999680e+04 1.753359712599999693e+04 1.753358823399999892e+04 1.753351198899999872e+04 1.753355209800000011e+04 1.753328008099999715e+04 1.753331901499999731e+04 1.753322213999999803e+04 1.753305466999999771e+04 1.753303716999999961e+04 1.753315076399999816e+04
1.753367497799999910e+04 1.753362048199999845e+04 1.753351408699999956e+04 1.753354169600000023e+04 1.753346934200000032e+04 1.753348106499999994e+04 1.753307214000000022e+04 1.753319072099999903e+04 1.753320651199999702e+04 1.753301766999999745e+04 1.753300258000000031e+04 1.753310429599999770e+04
1.753371432499999719e+04 1.753369802499999787e+04 1.753363866099999723e+04 1.753363332999999693e+04 1.753356711599999835e+04 1.753360387300000002e+04 1.753359296799999720e+04 1.753358961099999942e+04 1.753336576699999932e+04 1.753340289999999732e+04 1.753343562299999758e+04 1.753345732199999838e+04
1.753367893199999889e+04 1.753365562700000009e+04 1.753358491399999912e+04 1.753358848599999692e+04 1.753354158599999937e+04 1.753356717500000013e+04 1.753721567999999752e+04 1.753351365599999917e+04 1.753330477999999857e+04 1.753324915799999872e+04 1.753329097600000023e+04 1.753331717799999751e+04
1.810062454999999682e+04 1.810058489199999894e+04 1.810048682199999894e+04 1.810052996100000018e+04 1.810049648999999772e+04 1.810049880599999960e+04 1.810021138199999768e+04 1.810027829199999906e+04 1.810022540200000003e+04 1.809998978999999963e+04 1.809998950999999943e+04 1.810004281999999876e+04
1.810058214099999896e+04 1.810052384199999869e+04 1.810040928199999689e+04 1.810051213499999722e+04 1.810047486599999684e+04 1.810041768699999739e+04 1.809996915999999692e+04 1.810008824999999706e+04 1.810026313099999970e+04 1.809990998000000036e+04 1.809990353999999934e+04 1.810008716999999888e+04
1.810065615999999864e+04 1.810064077099999849e+04 1.810059288699999888e+04 1.810058584199999677e+04 1.810051972699999897e+04 1.810055395799999678e+04 1.810055406599999696e+04 1.810056582100000014e+04 1.810029002599999876e+04 1.810033915399999751e+04 1.810038618899999710e+04 1.810040400699999736e+04
1.810062201499999719e+04 1.810059705899999972e+04 1.810054329499999949e+04 1.810055153599999903e+04 1.810050195299999905e+04 1.810051884599999903e+04 1.810048043099999995e+04 1.810048533999999927e+04 1.810024698100000023e+04 1.810020058299999801e+04 1.810022637599999871e+04 1.810027168600000005e+04
1.869387195300000167e+04 1.869381994500000292e+04 1.869375532999999996e+04 1.869380276800000138e+04 1.869378648400000020e+04 1.869373896400000012e+04 1.869352014200000121e+04 1.869354124100000263e+04 1.869349347900000066e+04 1.869320279000000301e+04 1.869321498000000065e+04 1.869328681000000142e+04
1.869383447700000033e+04 1.869376304000000164e+04 1.869369057299999986e+04 1.869378668500000276e+04 1.869377177700000175e+04 1.869366619200000059e+04 1.869340584400000080e+04 1.869342873200000031e+04 1.869353870900000038e+04 1.869318956000000253e+04 1.869320595000000321e+04 1.869333957999999984e+04
1.869390827900000295e+04 1.869388691699999981e+04 1.869385461300000316e+04 1.869384910700000182e+04 1.869377098100000148e+04 1.869379253500000050e+04 1.869381647900000098e+04 1.869381430200000250e+04 1.869351773300000059e+04 1.869355752900000152e+04 1.869362316700000156e+04 1.869366367200000241e+04
1.869387687500000175e+04 1.869384467399999994e+04 1.869380827200000203e+04 1.869382593199999974e+04 1.869375882199999978e+04 1.869374895100000140e+04 1.869619549000000188e+04 1.869374593100000129e+04 1.869348410200000217e+04 1.869342161300000225e+04 1.869346502500000133e+04 1.869352027000000089e+04
1.922723236399999951e+04 1.922719110000000001e+04 1.922715009099999952e+04 1.922719126499999766e+04 1.922713804700000037e+04 1.922707454700000017e+04 1.922694542499999807e+04 1.922694530799999848e+04 1.922686233399999765e+04 1.922660731999999916e+04 1.922658332999999766e+04 1.922667323000000033e+04
1.922721388599999773e+04 1.922716963399999804e+04 1.922712218999999823e+04 1.922717468899999949e+04 1.922710372599999755e+04 1.922703421999999773e+04 1.922684835499999826e+04 1.922682486699999936e+04 1.922689622199999940e+04 1.922662104999999792e+04 1.922657737999999881e+04 1.922670607000000018e+04
1.922726354300000094e+04 1.922723974199999793e+04 1.922722150499999771e+04 1.922721043999999893e+04 1.922711950799999977e+04 1.922712713699999949e+04 1.922714761999999973e+04 1.922715856799999892e+04 1.922685334900000089e+04 1.922690121100000033e+04 1.922696819300000061e+04 1.922701987299999746e+04
1.922724103000000105e+04 1.922721275799999785e+04 1.922720154999999795e+04 1.922719601400000101e+04 1.922710168699999849e+04 1.922709569800000099e+04 1.922705690599999798e+04 1.922706337399999757e+04 1.922684709199999998e+04 1.922682178899999781e+04 1.922681293100000039e+04 1.922689119299999948e+04
1.976061907599999904e+04 1.976057755200000247e+04 1.976056087100000150e+04 1.976055716100000063e+04 1.976048070400000142e+04 1.976047362100000100e+04 1.976033542700000180e+04 1.976031453300000067e+04 1.976022739500000171e+04 1.976012066000000050e+04 1.975999483999999939e+04 1.976009850999999981e+04
1.976060332500000004e+04 1.976055458200000066e+04 1.976053062300000238e+04 1.976053000600000087e+04 1.976047088100000110e+04 1.976058703199999945e+04 1.976030852199999936e+04 1.976035714100000041e+04 1.976026857400000154e+04 1.976022371399999975e+04 1.976012338000000091e+04 1.976021402600000147e+04
1.976062236599999960e+04 1.976059826600000088e+04 1.976060105200000180e+04 1.976054118999999992e+04 1.976046741800000018e+04 1.976048266800000056e+04 1.976045171699999992e+04 1.976047399199999927e+04 1.976018781999999919e+04 1.976026835199999914e+04 1.976032162500000049e+04 1.976042772999999943e+04
1.976059965000000011e+04 1.976056864499999938e+04 1.976057337499999994e+04 1.976046413500000199e+04 1.976045462100000077e+04 1.976045741300000009e+04 1.976037644100000034e+04 1.976038536100000056e+04 1.976019333000000188e+04 1.976024543800000174e+04 1.976021539100000155e+04 1.976035617099999945e+04
2.029396569499999896e+04 2.029392496399999800e+04 2.029392129199999908e+04 2.029384770199999912e+04 2.029383881199999814e+04 2.029382579099999930e+04 2.029367137000000002e+04 2.029368976199999815e+04 2.029357604999999967e+04 2.029359513999999763e+04 2.029344362999999794e+04 2.029355622999999832e+04
2.029394250999999713e+04 2.029389270000000033e+04 2.029389559799999915e+04 2.029380173899999863e+04 2.029379756599999746e+04 2.029377573599999960e+04 2.029355856999999742e+04 2.029359029000000010e+04 2.029353816000000006e+04 2.029358907999999792e+04 2.029339378999999826e+04 2.029353637999999773e+04
2.029397055799999725e+04 2.029393332299999747e+04 2.029393454999999813e+04 2.029385707099999854e+04 2.029381015499999921e+04 2.029377830899999753e+04 2.029379341299999942e+04 2.029382792699999845e+04 2.029352604999999676e+04 2.029361272699999972e+04 2.029367788799999835e+04 2.029379208999999901e+04
2.029394768699999986e+04 2.029390269099999932e+04 2.029390219399999842e+04 2.029381789299999946e+04 2.029377606000000014e+04 2.029374317599999995e+04 2.029371825999999783e+04 2.029373408899999777e+04 2.029353391999999803e+04 2.029358634999999776e+04 2.029359091999999873e+04 2.029371805699999823e+04
2.082732387899999958e+04 2.082725888000000123e+04 2.082726290399999925e+04 2.082715183400000024e+04 2.082710803700000179e+04 2.082708011099999931e+04 2.082690537000000040e+04 2.082691934000000037e+04 2.082687609000000157e+04 2.082690163000000030e+04 2.082675189999999930e+04 2.082693188000000009e+04
2.082730989599999884e+04 2.082723405199999979e+04 2.082723491899999863e+04 2.082711361499999839e+04 2.082704188399999839e+04 2.082701938800000062e+04 2.082679158000000098e+04 2.082679872999999861e+04 2.082679608000000007e+04 2.082684513000000152e+04 2.082672494000000006e+04 2.082690569999999934e+04
2.082732173999999941e+04 2.082727908699999898e+04 2.082727982100000008e+04 2.082717969799999992e+04 2.082710395200000130e+04 2.082707507099999930e+04 2.082706061499999851e+04 2.082705596199999854e+04 2.082687212999999974e+04 2.082698370000000068e+04 2.082703485400000136e+04 2.082715068800000154e+04
2.082730289099999936e+04 2.082725510500000019e+04 2.082724891500000012e+04 2.082714867700000104e+04 2.082706278999999995e+04 2.082703322699999990e+04 2.082696869000000152e+04 2.082697695999999996e+04 2.082689783000000170e+04 2.082695068000000174e+04 2.082694836999999825e+04 2.082709564600000158e+04
2.136068282100000215e+04 2.136062557400000151e+04 2.136060856799999965e+04 2.136049904500000048e+04 2.136041042700000253e+04 2.136036370000000170e+04 2.136018086000000039e+04 2.136018511000000217e+04 2.136016642000000138e+04 2.136022045000000071e+04 2.136012452000000121e+04 2.136031273000000147e+04
2.136066658800000005e+04 2.136061480700000175e+04 2.136058652600000278e+04 2.136047804300000280e+04 2.136039518000000317e+04 2.136031301000000167e+04 2.136011674000000130e+04 2.136010645000000295e+04 2.136011591000000044e+04 2.136017709000000104e+04 2.136008410999999978e+04 2.136027163000000292e+04
2.136067861300000004e+04 2.136063214200000220e+04 2.136062652300000263e+04 2.136051850100000229e+04 2.136043191300000035e+04 2.136038710999999967e+04 2.136034828000000198e+04 2.136035981000000174e+04 2.136024129000000175e+04 2.136031509999999980e+04 2.136033439999999973e+04 2.136051417200000287e+04
2.136066258600000219e+04 2.136061436900000263e+04 2.136060672300000078e+04 2.136049011200000314e+04 2.136040825600000244e+04 2.136035077000000092e+04 2.136029450999999972e+04 2.136029070000000138e+04 2.136018497000000207e+04 2.136025936000000002e+04 2.136025788000000102e+04 2.136045948700000008e+04
2.189404148799999894e+04 2.189400319499999750e+04 2.189397664699999950e+04 2.189385778799999753e+04 2.189380455199999778e+04 2.189366579999999885e+04 2.189355210000000079e+04 2.189353297999999995e+04 2.189352269999999771e+04 2.189359143000000040e+04 2.189351552000000083e+04 2.189372577000000092e+04
2.191744269999999960e+04 2.194183949999999822e+04 2.196635610000000088e+04 2.199079609999999957e+04 2.191586579999999958e+04 2.194074139999999898e+04 2.196537479999999778e+04 2.198957639999999810e+04 2.191322710000000006e+04 2.193841279999999824e+04 2.196291799999999785e+04 2.196214419999999882e+04
2.191744050000000061e+04 2.194183829999999944e+04 2.196635670000000027e+04 2.199079709999999977e+04 2.191586699999999837e+04 2.194074179999999978e+04 2.196537689999999930e+04 2.198957760000000053e+04 2.191322999999999956e+04 2.193841409999999814e+04 2.196292180000000008e+04 2.196214709999999832e+04
2.191745290000000023e+04 2.194184479999999894e+04 2.196635189999999784e+04 2.199078989999999976e+04 2.191585610000000088e+04 2.194073259999999937e+04 2.196535919999999896e+04 2.198956569999999920e+04 2.191320550000000003e+04 2.193839240000000063e+04 2.196290229999999792e+04 2.196212969999999768e+04
2.245085239999999976e+04 2.247524510000000009e+04 2.249975370000000112e+04 2.252419139999999970e+04 2.244925960000000123e+04 2.247413669999999911e+04 2.249876440000000002e+04 2.252296979999999894e+04 2.244661330000000089e+04 2.247180080000000089e+04 2.249630740000000151e+04 2.249553510000000097e+04
2.245084389999999985e+04 2.247524049999999988e+04 2.249975649999999951e+04 2.252419629999999961e+04 2.244926550000000134e+04 2.247414159999999902e+04 2.249877460000000065e+04 2.252297650000000067e+04 2.244662730000000010e+04 2.247181330000000162e+04 2.249631799999999930e+04 2.249554340000000229e+04
2.245084040000000095e+04 2.247523849999999948e+04 2.249975730000000112e+04 2.252419780000000173e+04 2.244926729999999952e+04 2.247414210000000094e+04 2.249877770000000237e+04 2.252297820000000138e+04 2.244664080000000104e+04 2.247182380000000194e+04 2.249633179999999993e+04 2.249555480000000171e+04
2.245085429999999906e+04 2.247524539999999979e+04 2.249975089999999909e+04 2.252418930000000182e+04 2.244925340000000142e+04 2.247412840000000142e+04 2.249875679999999920e+04 2.252296259999999893e+04 2.244659779999999955e+04 2.247178360000000248e+04 2.249629869999999937e+04 2.249552410000000236e+04
2.298425379999999859e+04 2.300864579999999842e+04 2.303315339999999924e+04 2.305759119999999893e+04 2.298265849999999773e+04 2.300753529999999955e+04 2.303216269999999713e+04 2.305636869999999908e+04 2.298001089999999749e+04 2.300519809999999779e+04 2.302970599999999831e+04 2.302893329999999696e+04
2.298424459999999817e+04 2.300864099999999962e+04 2.303315679999999702e+04 2.305759679999999935e+04 2.298266560000000027e+04 2.300754199999999764e+04 2.303217499999999927e+04 2.305637689999999930e+04 2.298002799999999843e+04 2.300521399999999994e+04 2.302971909999999843e+04 2.302894419999999809e+04
2.298430749999999898e+04 2.300865139999999883e+04 2.303317169999999896e+04 2.305761269999999786e+04 2.298277639999999883e+04 2.300753629999999976e+04 2.303221339999999691e+04 2.305639899999999761e+04 2.298019249999999738e+04 2.300509369999999763e+04 2.302966109999999753e+04 2.302884590000000026e+04
2.298425539999999819e+04 2.300864619999999923e+04 2.303315089999999691e+04 2.305758949999999822e+04 2.298265399999999863e+04 2.300752969999999914e+04 2.303215759999999864e+04 2.305636369999999806e+04 2.297999839999999676e+04 2.300518599999999788e+04 2.302970079999999871e+04 2.302892529999999897e+04
2.351765450000000055e+04 2.354204639999999927e+04 2.356655370000000039e+04 2.359099169999999867e+04 2.351605889999999999e+04 2.354093600000000151e+04 2.356556330000000162e+04 2.358976959999999963e+04 2.351341180000000168e+04 2.353859909999999945e+04 2.356310670000000027e+04 2.356233429999999862e+04
2.351764489999999932e+04 2.354204149999999936e+04 2.356655740000000151e+04 2.359099769999999990e+04 2.351606639999999970e+04 2.354094280000000072e+04 2.356557609999999841e+04 2.358977760000000126e+04 2.351342949999999837e+04 2.353861490000000049e+04 2.356312069999999949e+04 2.356234539999999834e+04
2.351764199999999983e+04 2.354203989999999976e+04 2.356655849999999919e+04 2.359099959999999919e+04 2.351606920000000173e+04 2.354094369999999981e+04 2.356557979999999952e+04 2.358977980000000025e+04 2.351344700000000012e+04 2.353863070000000153e+04 2.356314020000000164e+04 2.356235859999999957e+04
2.351765520000000106e+04 2.354204650000000038e+04 2.356655199999999968e+04 2.359099049999999988e+04 2.351605500000000029e+04 2.354093079999999827e+04 2.356555919999999969e+04 2.358976550000000134e+04 2.351340069999999832e+04 2.353858720000000176e+04 2.356310099999999875e+04 2.356232530000000042e+04
2.405105470000000059e+04 2.407544700000000012e+04 2.409995460000000094e+04 2.412439250000000175e+04 2.404945970000000307e+04 2.407433700000000317e+04 2.409896440000000075e+04 2.412317090000000098e+04 2.404681370000000243e+04 2.407200029999999970e+04 2.409650840000000244e+04 2.409573559999999998e+04
2.405104520000000048e+04 2.407544180000000051e+04 2.409995809999999983e+04 2.412439860000000044e+04 2.404946680000000197e+04 2.407434380000000237e+04 2.409897750000000087e+04 2.412317890000000261e+04 2.404683160000000134e+04 2.407201620000000185e+04 2.409652430000000095e+04 2.409574800000000323e+04
2.405104200000000128e+04 2.407544000000000233e+04 2.409995939999999973e+04 2.412440049999999974e+04 2.404946980000000258e+04 2.407434500000000116e+04 2.409898120000000199e+04 2.412318130000000019e+04 2.404686970000000292e+04 2.407204449999999997e+04 2.409651150000000052e+04 2.409576770000000033e+04
2.405105600000000049e+04 2.407544750000000204e+04 2.409995319999999992e+04 2.412439160000000265e+04 2.404945700000000215e+04 2.407433390000000145e+04 2.409896200000000317e+04 2.412316870000000199e+04 2.404680640000000130e+04 2.407199330000000191e+04 2.409650430000000051e+04 2.409572960000000239e+04
2.458445449999999983e+04 2.460884720000000016e+04 2.463335570000000007e+04 2.465779369999999835e+04 2.458286089999999967e+04 2.460773930000000109e+04 2.463236729999999807e+04 2.465657370000000083e+04 2.458021689999999944e+04 2.460540309999999954e+04 2.462990999999999985e+04 2.462913589999999749e+04
2.458444510000000082e+04 2.460884200000000055e+04 2.463335870000000068e+04 2.465779969999999958e+04 2.458286669999999867e+04 2.460774510000000009e+04 2.463237919999999940e+04 2.465658120000000054e+04 2.458023430000000008e+04 2.460541920000000027e+04 2.462992889999999898e+04 2.462915239999999903e+04
2.458444180000000051e+04 2.460884009999999762e+04 2.463335989999999947e+04 2.465780140000000029e+04 2.458287809999999808e+04 2.460775479999999880e+04 2.463238739999999962e+04 2.465658559999999852e+04 2.458025230000000010e+04 2.460544970000000103e+04 2.462994029999999839e+04 2.462915529999999853e+04
2.458445609999999942e+04 2.460884820000000036e+04 2.463335419999999795e+04 2.465779249999999956e+04 2.458285840000000098e+04 2.460773539999999775e+04 2.463236260000000038e+04 2.465657099999999991e+04 2.458020959999999832e+04 2.460539730000000054e+04 2.462990409999999974e+04 2.462913049999999930e+04
2.511785310000000027e+04 2.514224690000000192e+04 2.516675700000000143e+04 2.519119480000000112e+04 2.511626190000000133e+04 2.514114029999999912e+04 2.516576940000000104e+04 2.518997620000000097e+04 2.511361809999999969e+04 2.513880640000000130e+04 2.516331300000000192e+04 2.516253710000000137e+04
2.511784490000000005e+04 2.514224260000000140e+04 2.516675930000000153e+04 2.519120130000000063e+04 2.511626690000000235e+04 2.514114689999999973e+04 2.516578240000000005e+04 2.518998540000000139e+04 2.511363929999999891e+04 2.513882310000000143e+04 2.516333360000000175e+04 2.516255870000000141e+04
2.511784530000000086e+04 2.514225059999999939e+04 2.516676580000000104e+04 2.519121060000000216e+04 2.511624000000000160e+04 2.514111419999999998e+04 2.516576380000000063e+04 2.518995660000000134e+04 2.511361830000000191e+04 2.513877590000000055e+04 2.516336430000000109e+04 2.516259370000000126e+04
2.511785690000000250e+04 2.514224899999999980e+04 2.516675500000000102e+04 2.519119340000000011e+04 2.511625840000000244e+04 2.514113560000000143e+04 2.516576299999999901e+04 2.518997170000000187e+04 2.511361070000000109e+04 2.513879690000000119e+04 2.516330470000000059e+04 2.516253020000000106e+04
2.565125469999999768e+04 2.567564919999999984e+04 2.570015909999999712e+04 2.572459669999999824e+04 2.564966299999999683e+04 2.567454219999999987e+04 2.569917169999999896e+04 2.572337919999999940e+04 2.564702130000000034e+04 2.567220819999999730e+04 2.569671500000000015e+04 2.569594029999999839e+04
2.565124569999999949e+04 2.567564630000000034e+04 2.570016379999999845e+04 2.572460729999999967e+04 2.564966969999999856e+04 2.567455319999999847e+04 2.569919249999999738e+04 2.572340069999999832e+04 2.564704929999999877e+04 2.567224349999999686e+04 2.569674799999999959e+04 2.569598379999999815e+04
2.565125789999999688e+04 2.567568819999999687e+04 2.570020349999999962e+04 2.572466149999999834e+04 2.564971249999999782e+04 2.567464270000000033e+04 2.569929179999999906e+04 2.572350849999999991e+04 2.564707639999999810e+04 2.567220939999999973e+04 2.569672829999999885e+04 2.569601129999999830e+04
2.565125859999999739e+04 2.567565250000000015e+04 2.570015710000000036e+04 2.572459599999999773e+04 2.564965949999999793e+04 2.567453809999999794e+04 2.569916619999999966e+04 2.572337589999999909e+04 2.564701269999999931e+04 2.567220229999999719e+04 2.569670859999999811e+04 2.569593709999999919e+04
2.618465620000000126e+04 2.620905280000000130e+04 2.623356190000000061e+04 2.625799950000000172e+04 2.618306439999999930e+04 2.620795149999999921e+04 2.623257560000000012e+04 2.625678729999999996e+04 2.618042640000000029e+04 2.620561620000000039e+04 2.623012039999999979e+04 2.622934590000000026e+04
2.618464649999999892e+04 2.620904950000000099e+04 2.623356729999999880e+04 2.625801420000000144e+04 2.618307189999999900e+04 2.620796229999999923e+04 2.623260689999999886e+04 2.625681230000000141e+04 2.618045820000000094e+04 2.620566500000000087e+04 2.623016960000000108e+04 2.622937600000000020e+04
2.618463149999999951e+04 2.620910229999999865e+04 2.623362069999999949e+04 2.625808009999999922e+04 2.618309230000000025e+04 2.620802110000000175e+04 2.623264470000000074e+04 2.625688550000000032e+04 2.618045030000000042e+04 2.620564570000000094e+04 2.623015079999999944e+04 2.622940959999999905e+04
2.618465970000000016e+04 2.620905419999999867e+04 2.623355900000000111e+04 2.625799780000000101e+04 2.618305990000000020e+04 2.620794299999999930e+04 2.623256759999999849e+04 2.625677690000000075e+04 2.618041479999999865e+04 2.620560359999999855e+04 2.623011209999999846e+04 2.622933640000000014e+04
2.671805740000000151e+04 2.674245440000000235e+04 2.676693550000000323e+04 2.679140010000000257e+04 2.671645950000000084e+04 2.674134370000000126e+04 2.676594350000000122e+04 2.679018950000000041e+04 2.671382730000000083e+04 2.673903540000000066e+04 2.676344540000000052e+04 2.676274520000000120e+04
2.671804680000000008e+04 2.674244820000000254e+04 2.676696560000000318e+04 2.679141830000000118e+04 2.671647090000000026e+04 2.674136470000000190e+04 2.676601230000000214e+04 2.679021540000000095e+04 2.671386340000000200e+04 2.673906650000000081e+04 2.676357580000000235e+04 2.676278160000000207e+04
2.671802930000000197e+04 2.674239780000000246e+04 2.676701500000000306e+04 2.679135750000000189e+04 2.671650530000000072e+04 2.674141630000000077e+04 2.676605020000000150e+04 2.679027410000000236e+04 2.671386770000000251e+04 2.673906480000000010e+04 2.676367160000000149e+04 2.676279360000000088e+04
2.671806120000000010e+04 2.674245449999999983e+04 2.676695820000000094e+04 2.679139820000000327e+04 2.671646000000000276e+04 2.674134590000000026e+04 2.676596940000000177e+04 2.679017860000000292e+04 2.671381470000000263e+04 2.673900440000000162e+04 2.676351160000000164e+04 2.676273710000000210e+04
2.725145889999999781e+04 2.727585380000000077e+04 2.730036230000000069e+04 2.732480059999999867e+04 2.724986309999999867e+04 2.727475219999999899e+04 2.729938299999999799e+04 2.732358689999999842e+04 2.724722559999999794e+04 2.727242099999999846e+04 2.729692239999999947e+04 2.729614739999999802e+04
2.725144670000000042e+04 2.727584569999999803e+04 2.730036369999999806e+04 2.732481390000000101e+04 2.724987069999999949e+04 2.727476779999999781e+04 2.729941460000000006e+04 2.732361330000000089e+04 2.724725639999999839e+04 2.727245889999999781e+04 2.729696830000000045e+04 2.729617849999999817e+04
2.725145390000000043e+04 2.727586539999999877e+04 2.730037869999999748e+04 2.732483320000000094e+04 2.724989379999999801e+04 2.727479859999999826e+04 2.729945769999999902e+04 2.732369169999999940e+04 2.724727239999999802e+04 2.727247929999999906e+04 2.729701319999999760e+04 2.729622669999999925e+04
2.725146199999999953e+04 2.727585540000000037e+04 2.730035959999999977e+04 2.732479789999999775e+04 2.724986049999999886e+04 2.727475189999999930e+04 2.729937019999999757e+04 2.732358250000000044e+04 2.724721540000000095e+04 2.727240799999999945e+04 2.729691439999999784e+04 2.729613769999999931e+04
2.778485859999999957e+04 2.780925259999999980e+04 2.783376690000000235e+04 2.785815910000000076e+04 2.778325970000000234e+04 2.780816280000000188e+04 2.783275900000000183e+04 2.783401430000000255e+04 2.778062540000000081e+04 2.780582229999999981e+04 2.783033090000000084e+04 2.782956120000000010e+04
2.778484600000000137e+04 2.780924810000000070e+04 2.783376590000000215e+04 2.785822290000000066e+04 2.778327670000000217e+04 2.780819069999999920e+04 2.783282630000000063e+04 2.785703090000000157e+04 2.778066930000000139e+04 2.780589540000000125e+04 2.783040720000000147e+04 2.782961790000000110e+04
2.778484560000000056e+04 2.780925170000000071e+04 2.783376959999999963e+04 2.785823540000000139e+04 2.778329149999999936e+04 2.780822279999999955e+04 2.783285620000000199e+04 2.785708220000000074e+04 2.778072450000000026e+04 2.780596459999999934e+04 2.783050080000000162e+04 2.782973790000000008e+04
2.778486290000000008e+04 2.780924710000000050e+04 2.783376550000000134e+04 2.785821510000000126e+04 2.778326970000000074e+04 2.780813999999999942e+04 2.783278139999999985e+04 2.785701180000000022e+04 2.778061820000000080e+04 2.780581370000000243e+04 2.783028390000000218e+04 2.782960750000000189e+04
2.831826239999999962e+04 2.834265719999999783e+04 2.836711750000000029e+04 2.839157690000000002e+04 2.831666629999999714e+04 2.834156879999999728e+04 2.836618809999999939e+04 2.839027739999999903e+04 2.831403039999999964e+04 2.833925769999999829e+04 2.836351819999999861e+04 2.836292739999999685e+04
2.831824729999999909e+04 2.834264939999999842e+04 2.836716729999999734e+04 2.839162730000000010e+04 2.831667859999999928e+04 2.834159820000000036e+04 2.836623749999999927e+04 2.839045429999999760e+04 2.831408059999999750e+04 2.833931359999999768e+04 2.836382459999999992e+04 2.836307539999999790e+04
2.831824449999999706e+04 2.834264999999999782e+04 2.836716959999999744e+04 2.839163459999999759e+04 2.831668509999999878e+04 2.834161759999999776e+04 2.836624970000000030e+04 2.839048389999999927e+04 2.831409039999999732e+04 2.833933559999999852e+04 2.836388090000000011e+04 2.836311880000000019e+04
2.831826359999999841e+04 2.834265859999999884e+04 2.836716429999999673e+04 2.839160739999999714e+04 2.831666899999999805e+04 2.834155829999999696e+04 2.836618079999999827e+04 2.839040439999999944e+04 2.831402959999999803e+04 2.833922739999999976e+04 2.836372759999999835e+04 2.836299289999999746e+04
2.885166310000000158e+04 2.887605849999999919e+04 2.891613850000000093e+04 2.892500379999999859e+04 2.885006940000000031e+04 2.887497000000000116e+04 2.889955740000000151e+04 2.892381989999999860e+04 2.884744399999999951e+04 2.887269369999999981e+04 2.889699580000000060e+04 2.889640940000000046e+04
2.885164890000000014e+04 2.887605210000000079e+04 2.890056989999999860e+04 2.892503220000000147e+04 2.885009100000000035e+04 2.887500590000000011e+04 2.889965039999999863e+04 2.892387150000000111e+04 2.884748830000000089e+04 2.887266270000000077e+04 2.889721419999999853e+04 2.889645270000000164e+04
2.885164689999999973e+04 2.887605459999999948e+04 2.890057440000000133e+04 2.892504349999999977e+04 2.885012930000000051e+04 2.887505280000000130e+04 2.889976069999999891e+04 2.892399880000000121e+04 2.884761460000000079e+04 2.887285320000000138e+04 2.889738450000000012e+04 2.889657210000000123e+04
2.885166470000000118e+04 2.887605930000000080e+04 2.890056629999999859e+04 2.891946930000000066e+04 2.885008120000000054e+04 2.887496870000000126e+04 2.889959930000000168e+04 2.892380199999999968e+04 2.884745360000000073e+04 2.887265309999999954e+04 2.889410009999999966e+04 2.889639640000000145e+04
2.938506350000000020e+04 2.940945910000000003e+04 2.943396000000000276e+04 2.945841610000000219e+04 2.938349010000000271e+04 2.940838770000000295e+04 2.943302530000000115e+04 2.945723559999999998e+04 2.938088890000000174e+04 2.940611540000000241e+04 2.943066160000000309e+04 2.942986290000000008e+04
2.938505169999999998e+04 2.940945500000000175e+04 2.943397390000000087e+04 2.945843690000000061e+04 2.938350080000000162e+04 2.940841790000000037e+04 2.943311630000000150e+04 2.945731080000000293e+04 2.938097140000000218e+04 2.940621960000000036e+04 2.943078330000000278e+04 2.942996450000000186e+04
2.938505180000000109e+04 2.940946070000000327e+04 2.943399380000000019e+04 2.945845130000000063e+04 2.938351620000000185e+04 2.940844790000000285e+04 2.943315550000000076e+04 2.945735930000000008e+04 2.938096789999999964e+04 2.940621299999999974e+04 2.943076800000000003e+04 2.942995410000000265e+04
2.938506530000000203e+04 2.940946039999999994e+04 2.943396730000000025e+04 2.945841240000000107e+04 2.938348570000000109e+04 2.940837190000000192e+04 2.943300140000000101e+04 2.945721640000000116e+04 2.938086940000000322e+04 2.940607099999999991e+04 2.943060870000000068e+04 2.942981880000000092e+04
2.991846489999999903e+04 2.994286069999999745e+04 2.996737359999999899e+04 2.999181849999999758e+04 2.991688989999999831e+04 2.994178789999999935e+04 2.996642299999999886e+04 2.999063360000000102e+04 2.991430619999999908e+04 2.993952039999999761e+04 2.996405800000000090e+04 2.996326959999999963e+04
2.991845490000000063e+04 2.994285729999999967e+04 2.996737800000000061e+04 2.999183729999999923e+04 2.991690029999999751e+04 2.994181669999999940e+04 2.996651749999999811e+04 2.999071370000000024e+04 2.991437039999999979e+04 2.993961859999999797e+04 2.996418119999999908e+04 2.996336499999999796e+04
2.991846359999999913e+04 2.994287949999999910e+04 2.996741539999999804e+04 2.999185440000000017e+04 2.991690459999999803e+04 2.994184590000000026e+04 2.996656279999999970e+04 2.999076499999999942e+04 2.991437219999999797e+04 2.993961820000000080e+04 2.996416829999999754e+04 2.996334569999999803e+04
2.991846559999999954e+04 2.994286089999999967e+04 2.996736779999999999e+04 2.999181350000000020e+04 2.991688580000000002e+04 2.994177339999999822e+04 2.996640250000000015e+04 2.999061799999999857e+04 2.991427339999999822e+04 2.993947339999999895e+04 2.996401250000000073e+04 2.996322269999999844e+04
3.045186470000000190e+04 3.047626080000000002e+04 3.050075809999999910e+04 3.052521830000000045e+04 3.045028949999999895e+04 3.047518600000000151e+04 3.049984040000000095e+04 3.052403610000000117e+04 3.044771459999999934e+04 3.047293000000000029e+04 3.049747940000000017e+04 3.049667190000000119e+04
3.045185510000000068e+04 3.047625830000000133e+04 3.050077640000000247e+04 3.052523810000000231e+04 3.045030120000000170e+04 3.047521930000000066e+04 3.049992120000000068e+04 3.052412500000000000e+04 3.044777040000000125e+04 3.047302149999999892e+04 3.049757900000000154e+04 3.049676440000000002e+04
3.045188000000000102e+04 3.047630489999999918e+04 3.050072639999999956e+04 3.052524320000000080e+04 3.045031620000000112e+04 3.047525619999999981e+04 3.049995910000000003e+04 3.052417190000000119e+04 3.044777779999999984e+04 3.047302040000000125e+04 3.049759230000000025e+04 3.049676810000000114e+04
3.045186570000000211e+04 3.047626139999999941e+04 3.050076970000000074e+04 3.052521440000000075e+04 3.045028610000000117e+04 3.047517450000000099e+04 3.049980290000000241e+04 3.052401710000000094e+04 3.044767620000000170e+04 3.047287889999999970e+04 3.049741159999999945e+04 3.049662069999999949e+04
3.103606470000000263e+04 3.106046070000000327e+04 3.108497200000000157e+04 3.110941900000000169e+04 3.103449030000000130e+04 3.105938990000000194e+04 3.108397080000000278e+04 3.110824160000000120e+04 3.103191129999999976e+04 3.105713300000000163e+04 3.108167460000000210e+04 3.108086900000000242e+04
3.103605580000000191e+04 3.106045790000000125e+04 3.108497570000000269e+04 3.110943730000000141e+04 3.103450320000000283e+04 3.105942010000000300e+04 3.108412120000000141e+04 3.110833060000000114e+04 3.103197190000000046e+04 3.105721970000000147e+04 3.108178160000000207e+04 3.108096570000000065e+04
3.103606110000000263e+04 3.106046789999999964e+04 3.108499600000000282e+04 3.110944620000000214e+04 3.103451480000000083e+04 3.105943730000000141e+04 3.108415750000000116e+04 3.110836150000000271e+04 3.103197720000000118e+04 3.105720910000000003e+04 3.108175800000000163e+04 3.108094910000000164e+04
3.103606580000000031e+04 3.106046140000000014e+04 3.108496830000000045e+04 3.110941489999999976e+04 3.103448630000000048e+04 3.105937640000000101e+04 3.108400090000000273e+04 3.110822100000000137e+04 3.103188010000000213e+04 3.105708370000000286e+04 3.108161640000000261e+04 3.108082540000000154e+04
3.159956430000000182e+04 3.162396020000000135e+04 3.164842430000000240e+04 3.167292170000000260e+04 3.159799120000000039e+04 3.162289370000000054e+04 3.164750780000000304e+04 3.167174010000000271e+04 3.159542300000000250e+04 3.162064030000000275e+04 3.164518790000000081e+04 3.164437830000000031e+04
3.159955580000000191e+04 3.162395790000000125e+04 3.164847620000000097e+04 3.167293900000000212e+04 3.159800480000000243e+04 3.162291890000000058e+04 3.164762660000000324e+04 3.167183280000000013e+04 3.159547479999999996e+04 3.162071680000000197e+04 3.164527649999999994e+04 3.164445860000000175e+04
3.159955500000000029e+04 3.162396039999999994e+04 3.164851060000000143e+04 3.167294420000000173e+04 3.159800520000000324e+04 3.162294230000000243e+04 3.164768580000000293e+04 3.167186220000000321e+04 3.159547750000000087e+04 3.162073830000000089e+04 3.164530150000000140e+04 3.164448480000000200e+04
3.159956610000000001e+04 3.162396140000000014e+04 3.164846910000000207e+04 3.167291580000000249e+04 3.159798730000000069e+04 3.162287750000000233e+04 3.164750820000000022e+04 3.167172450000000026e+04 3.159538460000000123e+04 3.162058200000000215e+04 3.164511679999999978e+04 3.164432120000000214e+04
3.209656440000000293e+04 3.212096140000000014e+04 3.214547280000000319e+04 3.216958079999999973e+04 3.209498840000000200e+04 3.211989130000000296e+04 3.214453180000000066e+04 3.216873380000000179e+04 3.209241280000000188e+04 3.211763770000000295e+04 3.214218950000000041e+04 3.214137529999999970e+04
3.209655870000000141e+04 3.212096020000000135e+04 3.214547810000000027e+04 3.216994510000000082e+04 3.209500610000000233e+04 3.211992520000000150e+04 3.214463000000000102e+04 3.216884230000000025e+04 3.209247460000000137e+04 3.211772210000000268e+04 3.214227770000000237e+04 3.214146690000000308e+04
3.209655780000000232e+04 3.212096240000000034e+04 3.214547920000000158e+04 3.216995080000000235e+04 3.209501100000000224e+04 3.211994030000000203e+04 3.214465980000000127e+04 3.216890999999999985e+04 3.209248740000000180e+04 3.211774370000000272e+04 3.214227210000000196e+04 3.214145170000000144e+04
3.209656680000000051e+04 3.212096280000000115e+04 3.214547280000000319e+04 3.216993649999999980e+04 3.209498860000000059e+04 3.211988300000000163e+04 3.214451860000000306e+04 3.216871990000000005e+04 3.209238730000000214e+04 3.211758560000000216e+04 3.214213040000000183e+04 3.214132900000000154e+04
3.289336589999999705e+04 3.291776279999999679e+04 3.294227399999999761e+04 3.296672119999999995e+04 3.289179589999999735e+04 3.291669269999999960e+04 3.294133299999999872e+04 3.296548689999999624e+04 3.288920789999999397e+04 3.291442869999999675e+04 3.293895409999999538e+04 3.293816379999999481e+04
3.289335919999999896e+04 3.291776199999999517e+04 3.294227899999999499e+04 3.296674809999999707e+04 3.289181179999999586e+04 3.291673059999999532e+04 3.294143720000000030e+04 3.296564579999999842e+04 3.288927799999999843e+04 3.291453089999999793e+04 3.293909059999999590e+04 3.293826949999999488e+04
3.289335749999999825e+04 3.291776269999999931e+04 3.294228139999999985e+04 3.296675649999999587e+04 3.289182559999999648e+04 3.291674729999999545e+04 3.294147539999999572e+04 3.296569319999999425e+04 3.288929279999999562e+04 3.291454709999999614e+04 3.293909079999999813e+04 3.293827839999999560e+04
3.289336639999999898e+04 3.291776199999999517e+04 3.294223839999999473e+04 3.296671209999999701e+04 3.289179449999999633e+04 3.291668419999999605e+04 3.294132219999999506e+04 3.296545409999999538e+04 3.288917879999999423e+04 3.291439519999999902e+04 3.293891519999999582e+04 3.293808729999999923e+04
3.311886709999999584e+04 3.314326349999999366e+04 3.316777429999999731e+04 3.319223790000000008e+04 3.311729689999999391e+04 3.314218950000000041e+04 3.316683989999999903e+04 3.319104769999999553e+04 3.311470199999999750e+04 3.313992659999999887e+04 3.316446379999999772e+04 3.316365829999999551e+04
3.311886129999999685e+04 3.314326189999999769e+04 3.316777909999999974e+04 3.319224599999999919e+04 3.311731250000000000e+04 3.314222839999999997e+04 3.316693909999999596e+04 3.319115669999999955e+04 3.311477709999999934e+04 3.314002319999999600e+04 3.316458019999999669e+04 3.316376059999999416e+04
3.311885909999999421e+04 3.314326180000000022e+04 3.316778139999999985e+04 3.319225019999999495e+04 3.311732409999999800e+04 3.314225170000000071e+04 3.316698659999999654e+04 3.319119219999999768e+04 3.311479889999999432e+04 3.314004909999999654e+04 3.316459469999999419e+04 3.316377729999999428e+04
3.311886699999999837e+04 3.314326219999999739e+04 3.316777569999999832e+04 3.319221039999999630e+04 3.311729799999999523e+04 3.314219009999999980e+04 3.316683329999999842e+04 3.319103359999999520e+04 3.311471159999999509e+04 3.313985689999999886e+04 3.316443399999999383e+04 3.316361929999999847e+04
3.372166750000000320e+04 3.374606270000000222e+04 3.377057489999999962e+04 3.379503130000000237e+04 3.372009670000000187e+04 3.374499089999999705e+04 3.376964269999999669e+04 3.379383359999999811e+04 3.371751630000000296e+04 3.374272630000000208e+04 3.376725549999999930e+04 3.376643480000000272e+04
3.372166429999999673e+04 3.374606220000000030e+04 3.377057719999999972e+04 3.379504189999999653e+04 3.372010289999999804e+04 3.374501920000000246e+04 3.376970440000000235e+04 3.379392859999999928e+04 3.371755849999999919e+04 3.374279579999999987e+04 3.376735530000000290e+04 3.376654170000000158e+04
3.372165879999999743e+04 3.374606160000000091e+04 3.377058140000000276e+04 3.379505270000000019e+04 3.372012320000000182e+04 3.374509249999999884e+04 3.376977500000000146e+04 3.379399330000000191e+04 3.371759229999999661e+04 3.374284040000000095e+04 3.376738900000000285e+04 3.376657379999999830e+04
