Sensor	X	Z	Frame
1	0	3850	2
2	331,2	3850	
3	662,4	3850	
4	834,9	3850	
5	0	4090	3
6	364,9	4090	
7	729,8	4090	
8	915,4	4090	
9	0	4330	4
10	398,7	4330	
11	797,8	4330	
12	995,2	4330	
13	0	4566	5
14	429,4	4566	
15	858,8	4566	
16	1067,5	4566	
17	0	4762	6
18	459,8	4762	
19	919,7	4762	
20	1138,5	4762	
21	0	4967	7
22	488,6	4967	
23	977,1	4967	
24	1205,4	4967	
25	0	5194	8
26	520,6	5194	
27	1041,3	5194	
28	1279,8	5194	
29	0	5394	9
30	548,7	5394	
31	1097,4	5394	
32	1349,9	5394	
33	0	5594	10
34	556,1	5594	
35	1112,1	5594	
36	1366,4	5594	
37	0	5793	11
38	563,4	5793	
39	1126,8	5793	
40	1383	5793	
41	0	6052	12
42	572,8	6052	
43	1145,6	6052	
44	1403,9	6052	
45	0	6311	13
46	582,5	6311	
47	1164,9	6311	
48	1425,6	6311	
49	0	6569,5	14
50	591,8	6569,5	
51	1183,7	6569,5	
52	1446,5	6569,5	
53	0	6828	15
54	601,2	6828	
55	1202,4	6828	
56	1467,3	6828	
57	0	7086,6	16
58	610,5	7086,6	
59	1221,1	7086,6	
60	1488,1	7086,6	
61	0	7318	17
62	619,2	7318	
63	12238,5	7318	
64	1507,4	7318	
65	0	7599	18
66	629,6	7599	
67	1259,2	7599	
68	1530,4	7599	
69	0	7830	19
70	637,9	7830	
71	1275,9	7830	
72	1554,2	7830	
73	0	8077,2	20
74	647	8077,2	
75	1239,9	8077,2	
76	1568,9	8077,2	
77	0	8432,6	21
78	660	8432,6	
79	1320	8432,6	
80	1603	8432,6	
81	0	8966,2	23
82	660	8966,2	
83	1320	8966,2	
84	1603	8966,2	
85	0	9499,6	24
86	660	9499,6	
87	1320	9499,6	
88	1603	9499,6	
89	0	10033	25
90	660	10033	
91	1320	10033	
92	1603	10033	
93	0	10566,4	26
94	660	10566,4	
95	1320	10566,4	
96	1603	10566,4	
97	0	11099,8	27
98	660	11099,8	
99	1320	11099,8	
100	1603	11099,8	
101	0	11633,2	28
102	660	11633,2	
103	1320	11633,2	
104	1603	11633,2	
105	0	12166,6	29
106	660	12166,6	
107	1320	12166,6	
108	1603	12166,6	
109	0	12700	30
110	660	12700	
111	1320	12700	
112	1603	12700	
113	0	13233,4	31
114	660	13233,4	
115	1320	13233,4	
116	1603	13233,4	
117	0	13766,8	32
118	660	13766,8	
119	1320	13766,8	
120	1603	13766,8	
121	0	14300,2	33
122	660	14300,2	
123	1320	14300,2	
124	1603	14300,2	
125	0	14833,6	34
126	660	14833,6	
127	1320	14833,6	
128	1603	14833,6	
129	0	15367	35
130	660	15367	
131	1320	15367	
132	1603	15367	
133	0	15900,4	36
134	660	15900,4	
135	1320	15900,4	
136	1603	15900,4	
137	0	16409,4	37
138	660	16409,4	
139	1320	16409,4	
140	1603	16409,4	
141	0	16687,8	38
142	660	16687,8	
143	1320	16687,8	
144	1603	16687,8	
145	0	17294,7	39
146	660	17294,7	
147	1320	17294,7	
148	1603	17294,7	
149	0	17534,1	40
150	660	17534,1	
151	1320	17534,1	
152	1603	17534,1	
153	0	18101,1	41
154	660	18101,1	
155	1320	18101,1	
156	1603	18101,1	
157	0	18694,4	42
158	660	18694,4	
159	1320	18694,4	
160	1603	18694,4	
161	0	19227,8	43
162	660	19227,8	
163	1320	19227,8	
164	1603	19227,8	
165	0	19761,2	44
166	660	19761,2	
167	1320	19761,2	
168	1603	19761,2	
169	0	20294,6	45
170	660	20294,6	
171	1320	20294,6	
172	1603	20294,6	
173	0	20828	46
174	660	20828	
175	1320	20828	
176	1603	20828	
177	0	21361,4	47
178	660	21361,4	
179	1320	21361,4	
180	1603	21361,4	
181	0	21894,8	48
182	660	21894,8	
183	1320	21894,8	
184	1603	21894,8	
185	0	22428,2	49
186	660	22428,2	
187	1320	22428,2	
188	1603	22428,2	
189	0	22961,6	50
190	660	22961,6	
191	1320	22961,6	
192	1603	22961,6	
193	0	23495	51
194	660	23495	
195	1320	23495	
196	1603	23495	
197	0	24028,4	52
198	660	24028,4	
199	1320	24028,4	
200	1603	24028,4	
201	0	24561,8	53
202	660	24561,8	
203	1320	24561,8	
204	1603	24561,8	
205	0	25095,2	54
206	660	25095,2	
207	1320	25095,2	
208	1603	25095,2	
209	0	25628,6	55
210	660	25628,6	
211	1320	25628,6	
212	1603	25628,6	
213	0	26162	56
214	660	26162	
215	1320	26162	
216	1603	26162	
217	0	26695,4	57
218	660	26695,4	
219	1320	26695,4	
220	1603	26695,4	
221	0	27228,8	58
222	660	27228,8	
223	1320	27228,8	
224	1603	27228,8	
225	0	27762,2	59
226	660	27762,2	
227	1320	27762,2	
228	1603	27762,2	
229	0	28295,6	60
230	660	28295,6	
231	1320	28295,6	
232	1603	28295,6	
233	0	28829	61
234	645,3	28829	
235	1290,6	28829	
236	1549	28829	
237	0	29362,4	62
238	630,8	29362,4	
239	1261,6	29362,4	
240	1500,7	29362,4	
241	0	29895,8	63
242	616,3	29895,8	
243	1232,7	29895,8	
244	1452,4	29895,8	
245	0	30429,2	64
246	601,9	30429,2	
247	1203,7	30429,2	
248	1404,2	30429,2	
249	0	31013,4	65
250	587,4	31013,4	
251	1174,7	31013,4	
252	1355,9	31013,4	
253	0	31576,9	66
254	572,9	31576,9	
255	1145,8	31576,9	
256	1307,6	31576,9	
257	0	32073,9	67
258	558,4	32073,9	
259	1116,8	32073,9	
260	1259,3	32073,9	
261	0	32870,7	68
262	544	32870,7	
263	1087,8	32870,7	
264	1211,1	32870,7	
265	0	33096,2	69
266	515,0	33096,2	
267	1029,9	33096,2	
268	1114,5	33096,2	
269	0	33699	70
270	496,9	33699	
271	993,8	33699	