nan	nan	nan	nan	nan	
0.0	0.0	-1.33928e-20	0.00575621	0.0	
-2.98796e-23	-0.799463	5.38588	-19.291	0.0	
6.55454e-23	-11.5709	-24.483	49.8865	0.0	
1.93617e-20	22.7882	-47.3946	-160.772	0.0	
1.62447e-20	-76.4713	84.5683	277.23	0.0	
1.72028e-20	-308.528	-180.834	-846.714	0.0	
-1.36925e-20	-1693.34	-1255.8	-1.4671	0.0	
-1.36795e-20	3571.57	-594.692	-433.299	0.0	
-9.80544e-21	1751.45	1741.65	-661.048	0.0	
1.37255e-20	-8117.63	608.089	-50.0035	0.0	
-1.46504e-20	-8377.88	53.2706	94.0292	0.0	
-1.08153e-20	4640.35	-4662.82	-272.417	0.0	
-2.47898e-21	-6271.34	4509.74	597.486	0.0	
1.61792e-20	1050.89	2399.94	-1648.15	0.0	
-8.59187e-21	-6830.86	2072.08	116.738	0.0	
2.49217e-20	2200.77	-8046.65	-246.019	0.0	
6.88165e-21	8451.36	5735.94	-343.844	0.0	
6.89899e-21	25444.2	2774.73	-735.881	0.0	
-2.22548e-20	41265.6	13961.6	-914.055	0.0	
-3.29434e-20	5284.74	-536.451	-347.787	0.0	
-3.07196e-21	42369.0	210.408	3079.62	0.0	
4.51974e-21	2173.21	-5032.43	-2657.75	0.0	
1.92614e-20	-18977.9	-1158.07	4538.86	0.0	
-4.10501e-21	-41762.8	60144.2	379.375	0.0	
1.35069e-20	-235749.0	-28595.2	-3449.83	0.0	
3.87309e-21	105116.0	-13450.8	5359.92	0.0	
-3.51007e-21	176706.0	42296.0	-9506.52	0.0	
-8.67598e-21	-102505.0	43703.4	2687.33	0.0	
-1.87681e-20	-8757.51	4564.04	603.92	0.0	
-1.33738e-20	49332.7	9667.9	6832.73	0.0	
-3.03903e-21	76350.1	6880.76	2372.04	0.0	
-1.81001e-21	-15928.4	1713.2	7868.8	0.0	
1.07122e-20	-80195.5	-30120.1	6580.39	0.0	
-8.89429e-21	13689.8	2263.34	2844.62	0.0	
-2.66546e-20	59408.4	55373.2	2945.31	0.0	
-2.56461e-22	12007.1	-6143.27	7073.91	0.0	
4.84292e-22	10222.0	-14216.6	-368.058	0.0	
1.02254e-20	1860.39	19674.5	-3350.07	0.0	
2.64508e-20	-19174.1	5930.13	797.439	0.0	
-1.10537e-20	16642.9	-31184.5	-1477.64	0.0	
-8.9422e-21	-17527.7	-16607.1	-6530.59	0.0	
-2.00935e-20	-39534.2	14104.5	2290.55	0.0	
1.14307e-20	-72251.7	18248.7	-5697.57	0.0	
9.7731e-21	131.16	-5847.67	2676.89	0.0	
-3.34846e-20	33776.9	-22663.8	764.995	0.0	
-1.59075e-20	56786.9	15625.3	4064.91	0.0	
7.25497e-21	-3517.15	32971.0	-3673.58	0.0	
2.41576e-20	66876.8	-64060.5	11302.9	0.0	
-1.86631e-20	-1536.58	-40035.6	-3561.67	0.0	
2.13857e-20	-37498.1	-4564.1	-4378.13	0.0	
-8.2029e-21	-65940.9	2845.28	-4997.78	0.0	
-1.40114e-21	-47202.4	37448.7	-2051.66	0.0	
4.89289e-22	-99809.2	10720.0	2499.14	0.0	
9.63238e-21	36309.8	5626.54	1567.73	0.0	
1.51928e-21	-3413.94	-9800.08	2695.36	0.0	
1.22251e-20	22328.4	2294.6	1192.33	0.0	
-5.56048e-21	-18370.7	-11433.9	-6841.02	0.0	
-3.31021e-21	-10459.0	7184.76	-2521.68	0.0	
-1.32294e-20	-1581.29	30983.8	1856.4	0.0	
-2.11386e-20	3086.24	2921.13	247.255	0.0	
-1.12335e-20	13080.9	224.846	-1923.28	0.0	
2.908e-20	-17962.3	-10343.2	1357.16	0.0	
6.06124e-21	-27914.0	-44878.1	-6669.42	0.0	
-1.03513e-20	-9506.03	-676.184	-3936.3	0.0	
-1.1598e-20	-19653.3	18228.8	248.697	0.0	
4.44853e-21	-64679.5	-1577.26	923.681	0.0	
-5.28255e-21	25086.2	-8957.95	-3992.03	0.0	
1.0041e-20	2113.34	3818.32	945.412	0.0	
1.9205e-21	-61745.2	-4970.94	-6156.15	0.0	
-4.82283e-21	4533.62	-17248.7	-571.628	0.0	
1.96777e-21	13225.1	13332.3	-55.9013	0.0	
1.03416e-20	-23602.2	-25531.1	-830.498	0.0	
-2.36943e-20	-126.228	3423.5	336.889	0.0	
1.8457e-20	-82848.9	-11903.9	-7644.42	0.0	
8.89411e-21	-37.2865	-21748.3	-2916.02	0.0	
-2.85165e-21	2985.9	11518.5	-2930.81	0.0	
1.73057e-20	-34676.8	-16821.3	-2339.07	0.0	
-2.04788e-20	6396.6	-3321.95	683.755	0.0	
-1.82258e-20	41586.7	-8224.51	-588.688	0.0	
-9.47487e-21	7220.2	-19688.6	2022.44	0.0	
-3.92535e-21	-26736.3	-15754.7	-1825.06	0.0	
-1.66923e-21	17176.8	-18110.1	2397.33	0.0	
-6.9004e-21	3609.53	24112.7	4412.04	0.0	
-2.3259e-21	74145.3	-23907.0	-2537.48	0.0	
-6.64925e-21	-1389.29	-16584.6	3156.77	0.0	
7.79057e-21	20920.4	-2867.07	-1620.31	0.0	
2.02653e-20	-2507.76	9838.78	-3754.41	0.0	
9.5556e-21	-21119.1	2385.47	-2547.87	0.0	
-1.35165e-20	17583.0	6222.73	5487.97	0.0	
-1.05411e-20	8409.61	-26122.9	-652.811	0.0	
1.94705e-21	26393.7	-14715.0	3185.68	0.0	
6.7749e-22	-50706.3	-1703.4	1490.18	0.0	
-3.86399e-22	-45139.1	2095.01	-1913.84	0.0	
-1.26908e-20	-715.037	-14656.2	1638.79	0.0	
1.10863e-20	-6717.29	-12216.8	-197.239	0.0	
1.64616e-20	-10107.9	-6269.67	-188.366	0.0	
3.33062e-20	19450.4	-12835.1	3908.0	0.0	
-2.2223e-21	-32372.6	22708.1	-7193.12	0.0	
7.69516e-21	-66281.8	-11147.7	-2058.36	0.0	
5.1276e-21	21675.4	7355.85	1347.77	0.0	
1.57341e-20	-35.1002	15310.9	2410.43	0.0	
-1.05603e-21	-32681.9	1912.34	611.536	0.0	
-1.66356e-20	14450.6	4473.12	3005.87	0.0	
-1.59646e-20	85567.7	-9473.15	-3109.67	0.0	
-6.04915e-21	-2050.8	-4108.83	-619.238	0.0	
-2.95322e-20	-26975.1	-247.016	469.318	0.0	
2.60029e-20	3149.08	1476.75	4101.11	0.0	
-7.95537e-21	-10600.5	-1999.9	-4382.14	0.0	
-1.83319e-20	-11667.2	11242.0	2746.48	0.0	
1.14477e-20	-7092.2	8059.8	1921.23	0.0	
-6.53476e-21	-7678.35	-8577.04	-108.396	0.0	
-1.48268e-21	-11145.4	-27.8887	529.619	0.0	
-2.66256e-20	13074.8	286.758	1189.25	0.0	
-1.2052e-21	-14315.0	-7096.34	1603.89	0.0	
-1.55019e-20	1848.24	-1507.96	1823.15	0.0	
9.0935e-21	6729.01	942.859	-1998.62	0.0	
1.05845e-20	-7417.45	1076.92	239.007	0.0	
-1.58035e-21	15310.5	97.6457	-3141.32	0.0	
1.32646e-20	3524.28	1236.62	-1828.06	0.0	
-2.09248e-21	-8723.84	628.834	2963.42	0.0	
-2.7352e-20	-2308.05	-2625.01	-1418.37	0.0	
-1.53901e-20	-18225.7	-1087.65	-1003.72	0.0	
1.81907e-21	-5861.61	-5541.23	708.763	0.0	
-1.18982e-21	13952.1	4776.45	5218.2	0.0	
-1.59084e-20	-4347.77	2432.57	-2482.74	0.0	
-4.59187e-21	-893.936	7353.38	-972.815	0.0	
-1.04555e-20	28424.5	-3396.53	688.581	0.0	
-2.23104e-20	5158.68	-2410.06	2674.87	0.0	
2.06973e-20	-3631.53	643.814	-153.321	0.0	
1.32381e-20	10128.8	3055.71	1191.91	0.0	
4.7697e-22	8902.28	3514.49	-1252.51	0.0	
-1.22347e-20	-32032.4	3598.62	844.349	0.0	
-2.29571e-21	11964.8	5640.84	-442.438	0.0	
-1.72938e-20	10881.0	3317.48	497.844	0.0	
1.04422e-20	-14539.5	-6510.62	-568.25	0.0	
-1.22843e-20	2625.51	3223.49	214.146	0.0	
3.14427e-20	18419.2	1133.18	-2391.68	0.0	
2.85084e-20	16286.2	-737.375	-1040.18	0.0	
-1.49993e-20	804.433	-2023.39	-1704.36	0.0	
-3.87414e-21	8735.72	100.554	770.87	0.0	
6.14599e-21	5008.76	630.506	96.9467	0.0	
-1.1296e-20	1613.15	883.54	606.262	0.0	
-8.7151e-21	7769.63	1516.71	-1175.0	0.0	
-2.08394e-20	-373.23	-653.296	-642.274	0.0	
5.22488e-21	3107.98	-1395.2	666.788	0.0	
-1.67022e-20	-8062.56	-16785.9	-265.769	0.0	
1.54247e-20	-714.478	1682.54	2002.9	0.0	
-7.59621e-21	-14818.1	1703.72	327.329	0.0	
9.97001e-21	-4006.65	-993.507	-281.257	0.0	
-1.34327e-20	-980.987	-1620.07	1190.13	0.0	
-1.35986e-20	-8253.53	-2164.17	999.808	0.0	
7.58448e-21	8321.48	-536.34	-1207.99	0.0	
7.77284e-21	-981.227	3645.64	2119.25	0.0	
1.00034e-20	1813.61	1052.6	400.004	0.0	
1.47329e-20	-9352.46	1253.69	-1498.01	0.0	
1.17472e-21	-889.701	248.951	-190.692	0.0	
6.82247e-21	7534.44	-2445.65	-552.586	0.0	
-1.37383e-20	-10340.9	-1192.47	254.257	0.0	
2.85488e-20	4020.01	-5151.66	38.7864	0.0	
1.10774e-20	3834.48	-4180.17	147.095	0.0	
1.42377e-21	2487.42	2135.23	-36.5879	0.0	
7.10286e-21	1152.93	-8694.36	1597.7	0.0	
-1.29637e-20	646.794	10633.6	-2405.58	0.0	
-2.1647e-21	-16162.8	3579.94	288.416	0.0	
1.85953e-20	9282.66	-2824.82	-2196.16	0.0	
-1.76798e-20	547.443	-1718.51	-2326.89	0.0	
-1.49869e-20	-10203.7	2997.49	761.036	0.0	
-4.51857e-21	5496.73	-2353.8	2175.39	0.0	
-3.81901e-21	-5148.16	-2773.11	1609.42	0.0	
-4.64601e-21	-5720.85	434.303	-113.801	0.0	
-8.68812e-21	3701.67	1338.48	-62.5719	0.0	
-1.90326e-20	2750.48	5593.52	762.366	0.0	
6.23259e-21	-6732.44	-1618.49	-864.126	0.0	
2.52469e-22	3215.64	7014.71	-219.025	0.0	
-5.87003e-21	1879.54	-3404.25	145.93	0.0	
-1.05374e-20	-3196.86	-1132.18	1035.89	0.0	
-1.36232e-20	1917.7	3938.51	-765.069	0.0	
-7.93143e-21	1748.84	2711.64	-792.462	0.0	
1.9736e-20	2444.57	949.57	982.34	0.0	
-2.24925e-20	6036.88	1523.25	-101.86	0.0	
1.3064e-21	4603.91	2405.26	512.511	0.0	
7.05991e-21	2416.42	-517.532	-387.753	0.0	
2.05158e-22	1165.23	3483.45	826.366	0.0	
2.57344e-21	-686.168	2867.01	-2040.43	0.0	
2.52978e-20	-10200.1	674.105	488.42	0.0	
-1.51384e-20	-2903.41	-3861.08	440.388	0.0	
-2.12468e-20	-3477.6	-3717.19	-727.058	0.0	
3.04513e-20	-12825.1	-10159.6	1169.49	0.0	
2.83074e-20	-1125.78	4576.76	237.066	0.0	
1.77738e-21	9074.97	2241.07	1060.39	0.0	
1.45829e-20	-1737.29	-7476.36	1941.17	0.0	
3.02876e-21	-20552.1	8369.37	-2492.55	0.0	
1.62632e-20	1947.62	-11627.9	348.062	0.0	
2.49839e-21	-5908.53	-24213.6	-1135.61	0.0	
-1.23037e-20	-7395.99	4848.89	1131.43	0.0	
-1.87921e-20	6255.12	6042.96	596.547	0.0	
-1.00948e-20	10750.0	-7471.59	100.789	0.0	
6.72297e-21	9621.05	7981.24	-1598.17	0.0	
-5.65832e-21	14940.8	-2270.82	1053.15	0.0	
1.43593e-20	2761.5	-2243.44	-1030.25	0.0	
1.27948e-20	1313.27	4104.04	-436.686	0.0	
-3.27368e-20	1190.53	2554.38	-137.761	0.0	
5.45915e-21	-27179.1	-5580.91	1352.12	0.0	
1.64538e-20	-3705.52	15508.9	-500.413	0.0	
1.22545e-20	4205.52	7095.31	-1092.14	0.0	
-9.12261e-21	-4259.24	3615.91	-1592.05	0.0	
2.75713e-20	-2103.34	-881.413	981.386	0.0	
-1.64761e-21	366.869	-5253.44	-50.1422	0.0	
2.26321e-21	4005.26	8488.26	18.0147	0.0	
1.05718e-22	-8911.69	4213.45	166.035	0.0	
7.1805e-21	-10333.4	-6781.0	-1353.78	0.0	
-1.59648e-21	10287.0	-14544.0	272.252	0.0	
1.4105e-20	7489.93	-5176.7	-272.867	0.0	
-2.38558e-21	-2016.27	-14499.7	3450.4	0.0	
1.21927e-20	-3349.09	2310.75	90.7366	0.0	
-1.37147e-20	15712.2	6826.85	-454.721	0.0	
8.93997e-21	8184.34	2415.83	1266.81	0.0	
-2.73417e-20	7708.69	10853.6	-228.967	0.0	
-7.66223e-21	3011.86	2376.66	1125.61	0.0	
6.80729e-22	-7726.16	5698.17	-630.011	0.0	
-9.88262e-21	8043.05	-2499.79	-118.686	0.0	
-1.9832e-20	4795.94	-23.9143	-128.636	0.0	
-9.32047e-21	3644.71	-1326.31	42.1731	0.0	
1.43883e-20	3412.05	4045.05	-745.081	0.0	
7.43634e-21	-6097.6	-1339.26	-545.243	0.0	
2.4241e-20	-5403.99	-2242.31	940.926	0.0	
9.73995e-21	3883.72	1604.76	920.097	0.0	
-2.55038e-20	5210.5	-10245.3	842.088	0.0	
1.23006e-20	-899.45	522.543	-1382.18	0.0	
2.76731e-20	-2570.54	4368.29	-290.079	0.0	
-5.89615e-21	-1838.63	5829.75	-343.135	0.0	
7.19312e-21	-7084.05	2768.68	471.04	0.0	
1.05048e-20	1319.61	7135.67	1506.6	0.0	
1.89308e-20	3810.93	-5247.74	-1006.64	0.0	
3.4812e-20	561.594	1405.26	207.114	0.0	
-3.4154e-20	3508.35	-14200.7	-615.941	0.0	
6.03138e-21	-2917.3	-3133.82	999.96	0.0	
-2.42544e-20	12674.7	-2279.24	-1107.69	0.0	
2.39061e-21	3635.69	-4733.95	1485.85	0.0	
1.21801e-20	-697.073	1317.69	542.505	0.0	
-2.16434e-20	31416.4	16609.8	-1123.91	0.0	
-5.63526e-21	10273.8	-1128.56	236.908	0.0	
9.94313e-21	-4819.98	15941.2	888.139	0.0	
-2.05246e-20	4096.46	-4927.97	758.77	0.0	
1.92709e-21	38002.7	6425.68	-679.949	0.0	
1.69921e-21	30279.0	22211.5	2277.51	0.0	
3.93034e-21	37833.7	-13280.0	1195.85	0.0	
2.1232e-20	-15954.6	-13204.1	-2113.52	0.0	
-3.84648e-20	-3930.25	-4353.55	-832.068	0.0	
3.5791e-20	-11741.6	-24624.0	1674.89	0.0	
-3.39892e-20	1556.07	9749.96	-2662.73	0.0	
4.1571e-21	-2795.28	-892.957	-202.309	0.0	
-2.95891e-21	15141.6	6919.9	-931.461	0.0	
2.60648e-21	4585.67	11801.8	4.96986	0.0	
-1.65755e-22	29.8743	-4495.8	-1539.07	0.0	
-3.32438e-20	-5158.1	-7470.74	112.03	0.0	
1.11951e-20	-7295.89	-3182.29	2422.34	0.0	
-1.23269e-20	5667.87	4623.56	-1923.17	0.0	
-1.14755e-21	8063.71	-3391.64	1545.1	0.0	
3.2928e-22	2725.71	-1282.16	93.1589	0.0	
3.37663e-20	-3577.98	493.326	-786.449	0.0	
1.17676e-20	-1274.34	2274.35	-67.5373	0.0	
2.4216e-21	11618.0	-6277.59	-40.9565	0.0	
-1.76567e-20	8340.91	-1977.12	-119.094	0.0	
-2.56464e-20	-10169.8	134.703	-1067.68	0.0	
-4.62888e-22	-11287.2	-125.02	909.051	0.0	
-1.69792e-20	5585.03	6826.67	-64.8145	0.0	
-5.78297e-21	-4213.07	-1882.4	-1006.11	0.0	
2.95135e-21	5363.55	7016.89	444.496	0.0	
-7.42973e-21	10284.9	-1298.14	-396.174	0.0	
-6.0761e-21	-4635.95	514.505	1072.72	0.0	
-1.71006e-21	4802.3	874.579	1967.74	0.0	
1.68604e-20	-1830.91	5089.15	-1093.18	0.0	
-2.02799e-21	3747.95	-2119.39	-631.621	0.0	
1.93921e-21	-10513.0	-1261.69	116.387	0.0	
4.36874e-22	2375.8	-1929.03	12.0151	0.0	
2.39644e-20	4904.92	470.638	75.4584	0.0	
1.00685e-20	1182.9	-12741.3	779.972	0.0	
-5.19564e-21	-11423.8	-333.28	-336.263	0.0	
-1.64116e-21	-609.982	1255.8	699.937	0.0	
8.66063e-21	1386.35	4820.79	-220.929	0.0	
-1.58065e-20	8698.39	8301.32	27.4267	0.0	
8.07535e-21	-7345.88	4108.48	-553.542	0.0	
1.01487e-20	6367.59	-9559.6	-208.647	0.0	
-6.08582e-21	-6818.4	-1522.96	-611.273	0.0	
1.0644e-20	6508.07	-366.599	51.7136	0.0	
1.06704e-20	5338.85	3381.06	-547.085	0.0	
-1.64458e-20	-7191.58	-10461.7	-1664.48	0.0	
-1.41189e-20	10477.1	-1052.88	61.4144	0.0	
-3.40321e-21	13267.5	-3018.18	555.537	0.0	
-2.0975e-20	-12072.2	-5646.14	-607.03	0.0	
-6.77143e-21	-10329.6	-10855.9	-1873.52	0.0	
-2.09174e-20	27891.4	-7126.08	-1181.13	0.0	
-7.8009e-21	-769.441	-6905.81	1797.93	0.0	
-6.67283e-22	21569.4	-15615.9	468.77	0.0	
6.73012e-21	-406.225	-10400.6	898.925	0.0	
-6.50558e-21	3953.66	3197.94	1556.27	0.0	
4.78278e-21	-10974.4	-1423.1	2782.56	0.0	
-1.09788e-21	13377.8	7534.66	-369.527	0.0	
4.79061e-21	31212.6	-25350.4	-2306.61	0.0	
1.69901e-20	12296.5	-3188.86	3043.78	0.0	
2.03626e-20	-7450.28	23924.9	-2199.06	0.0	
-1.44623e-20	16041.1	22724.2	901.148	0.0	
6.98739e-21	-3846.48	-4124.69	181.674	0.0	
3.00769e-21	-1845.17	-8091.23	-3004.29	0.0	
5.50199e-21	18338.5	4827.3	-183.341	0.0	
3.66493e-20	-9237.63	8708.09	971.431	0.0	
-1.78902e-20	-659.893	-7034.5	-962.254	0.0	
2.84341e-20	8385.95	-9193.47	1421.52	0.0	
-7.60185e-21	3383.88	-4134.67	1662.9	0.0	
-1.15116e-20	1237.09	7954.07	-1378.98	0.0	
-1.23557e-20	4083.47	-227.377	-480.182	0.0	
-1.52596e-20	-11973.9	7681.51	-663.53	0.0	
-1.10144e-20	3320.36	2408.48	-515.073	0.0	
-1.39266e-20	-1180.14	164.653	-1192.11	0.0	
-1.98708e-20	2089.45	2663.15	1066.46	0.0	
1.3554e-20	-5418.15	4823.8	-1517.25	0.0	
-1.49031e-20	-2727.84	3517.49	-208.125	0.0	
1.69314e-20	-18843.1	-12337.2	1404.94	0.0	
1.9491e-20	1995.82	-18415.0	-64.5909	0.0	
2.16372e-20	6436.39	-5430.74	-195.919	0.0	
1.58092e-20	644.071	-8221.97	-496.759	0.0	
-9.61232e-21	825.184	-271.597	903.905	0.0	
9.65388e-21	-2576.53	-1449.83	-721.133	0.0	
3.24775e-20	-120.497	-3119.02	1302.9	0.0	
3.93145e-21	9258.59	-382.563	51.1455	0.0	
-3.28456e-21	-7399.83	-2263.13	-597.682	0.0	
2.54435e-21	633.436	-11227.0	-722.962	0.0	
6.68099e-22	2722.35	-5877.79	-545.173	0.0	
-9.06829e-21	6365.13	-1405.58	97.0658	0.0	
9.64148e-21	-1231.54	3695.79	-431.188	0.0	
1.11838e-21	-6656.23	12235.4	826.109	0.0	
-1.31793e-20	-7863.12	2825.88	-1239.69	0.0	
-6.65213e-21	-9432.3	-4127.62	-24.2133	0.0	
-4.53827e-21	-4360.3	-821.604	836.151	0.0	
2.77958e-21	403.773	4760.22	-144.298	0.0	
1.79654e-20	7453.15	-6306.42	-425.563	0.0	
4.57645e-21	-1374.08	-6285.1	-40.2782	0.0	
-1.00552e-20	11.5193	-8683.88	-531.368	0.0	
-2.84821e-20	3926.39	3345.64	-870.178	0.0	
-6.36466e-21	-4881.36	3803.89	-64.9831	0.0	
1.53837e-21	3343.7	-832.115	-668.878	0.0	
3.16726e-20	251.706	6867.71	-1469.4	0.0	
-4.09703e-21	-1658.75	1511.25	490.846	0.0	
1.29337e-20	-2242.06	606.059	198.832	0.0	
1.45934e-20	851.588	5275.83	82.6181	0.0	
3.20304e-21	-3575.62	2425.95	628.3	0.0	
3.43349e-21	536.986	-2383.61	300.888	0.0	
1.71703e-20	3580.62	8.58936	-805.542	0.0	
1.05797e-20	3251.92	-2968.55	66.7348	0.0	
7.71282e-21	-1605.56	-1284.33	-619.176	0.0	
8.29514e-21	1191.07	-2945.94	-343.661	0.0	
-1.83709e-20	-3200.94	3765.24	682.775	0.0	
4.50504e-21	1676.98	-2326.89	639.35	0.0	
5.79517e-21	-1717.71	977.777	467.061	0.0	
-1.15481e-20	13983.6	-3270.68	-1057.33	0.0	
-8.02481e-21	-10443.6	-414.45	-517.431	0.0	
7.12935e-21	-1504.8	-1248.91	-130.521	0.0	
-1.27178e-20	-6667.92	-7370.04	895.062	0.0	
-5.0759e-21	-7334.89	223.287	784.278	0.0	
-2.35727e-20	-1091.34	-1113.25	2116.73	0.0	
1.25141e-20	1206.88	-3873.82	8.40984	0.0	
-3.15721e-21	10044.8	201.952	-130.181	0.0	
-2.04774e-20	-3090.12	28.003	1382.2	0.0	
8.08956e-21	-1520.67	2403.72	-583.094	0.0	
-6.86793e-21	99.6343	-5891.36	-317.314	0.0	
-9.81541e-22	-3993.26	4944.84	-570.369	0.0	
1.02417e-20	-13366.4	-933.527	362.455	0.0	
2.68899e-20	-2474.37	-2235.69	-876.023	0.0	
-1.78791e-20	2792.19	-356.411	-98.6342	0.0	
2.04801e-20	-978.112	-2869.87	-375.549	0.0	
-8.46525e-21	3691.96	-857.037	353.718	0.0	
-1.0925e-20	8102.74	379.139	730.115	0.0	
1.11513e-20	-3139.83	-543.679	-110.066	0.0	
-9.7726e-21	2801.04	1385.64	-352.556	0.0	
-1.91125e-20	-678.455	1757.53	-353.912	0.0	
-1.30171e-20	5727.92	185.531	-20.0965	0.0	
-9.86933e-22	1783.89	1397.52	40.2675	0.0	
-5.01958e-21	-1516.89	1975.27	413.142	0.0	
2.64455e-20	-3591.32	-51.7213	278.725	0.0	
1.46695e-20	-4577.96	-61.6076	432.36	0.0	
1.73173e-20	-5506.67	137.781	119.193	0.0	
-1.16e-20	3803.58	-2510.67	-475.109	0.0	
1.48516e-20	5106.15	1910.07	-273.534	0.0	
-1.58068e-20	-4964.73	-591.218	-483.805	0.0	
-1.50952e-21	15852.1	-114.312	-168.608	0.0	
2.84538e-20	1622.96	-904.479	529.246	0.0	
1.401e-20	771.641	-79.0275	545.597	0.0	
2.08752e-23	7155.29	2950.07	901.589	0.0	
1.16337e-20	8819.43	-590.906	325.732	0.0	
-4.65611e-21	8781.39	-911.966	123.034	0.0	
-3.37241e-20	-2310.94	1665.5	894.039	0.0	
2.48177e-21	-3978.6	84.2906	-324.482	0.0	
-2.52666e-20	-2508.68	1434.58	1371.2	0.0	
-1.40289e-20	774.62	-326.735	583.63	0.0	
1.98955e-21	-2481.54	-705.305	388.586	0.0	
7.19689e-21	-3521.99	1261.5	546.554	0.0	
-1.25683e-20	-138.986	-6.5958	734.289	0.0	
-1.17382e-20	160.207	1110.5	612.234	0.0	
1.97397e-20	4598.58	828.24	581.477	0.0	
-1.85877e-21	9825.01	1652.5	499.796	0.0	
-2.96233e-20	-1212.09	-78.3833	440.238	0.0	
-8.40271e-21	662.259	-153.297	-410.305	0.0	
6.5224e-21	-6319.69	3414.27	363.966	0.0	
-1.73338e-20	-10011.5	-505.93	-148.089	0.0	
2.05026e-20	-1280.36	1364.39	-377.414	0.0	
-2.21657e-20	-8240.31	-193.925	1607.94	0.0	
4.38196e-21	20204.3	-1500.52	-1008.17	0.0	
-1.06242e-20	-1713.9	1534.65	-761.973	0.0	
-5.55086e-23	-1824.25	1687.76	617.195	0.0	
-1.24256e-21	11944.0	-2563.13	1387.57	0.0	
2.32232e-20	6051.3	-3270.84	1264.39	0.0	
-1.55194e-20	-3104.81	-706.874	-52.9847	0.0	
6.96087e-21	-391.964	563.83	-505.818	0.0	
1.61451e-20	12531.8	-1784.17	633.863	0.0	
1.99044e-21	-4000.7	-974.228	858.649	0.0	
-1.64221e-20	-5583.76	-2953.76	-1250.84	0.0	
-2.21924e-20	1218.91	65.4858	-219.574	0.0	
7.35792e-21	12160.2	1879.96	805.887	0.0	
-2.34458e-22	-922.546	1721.83	-6.2991	0.0	
-8.16221e-22	-3617.5	6249.08	-1064.81	0.0	
1.60872e-20	-2850.93	-2607.34	-17.3876	0.0	
-5.49457e-21	207.176	79.3848	-2.40904	0.0	
-6.07535e-21	-3606.53	-909.478	262.218	0.0	
1.02938e-20	-1687.97	-941.814	151.696	0.0	
3.76597e-21	14857.5	-1160.94	-1145.24	0.0	
2.69025e-20	-20731.6	-1184.52	-596.975	0.0	
-1.38642e-20	3062.36	1448.41	-308.162	0.0	
-1.24175e-20	8716.12	2666.48	1075.11	0.0	
1.2828e-20	-5186.24	2501.88	1133.11	0.0	
-3.76813e-21	-1141.48	772.512	-623.414	0.0	
-5.87537e-21	4876.99	-906.388	-303.782	0.0	
-1.96279e-20	344.005	844.064	259.137	0.0	
3.44633e-21	-4024.4	-2641.76	-30.9113	0.0	
-2.08398e-20	3600.13	-1456.46	11.5071	0.0	
-1.58682e-20	2190.25	-1259.0	-51.381	0.0	
1.59962e-20	1128.49	-1246.7	-965.746	0.0	
-3.34991e-21	-3674.63	-2424.59	-224.198	0.0	
-1.58928e-20	3793.0	-331.292	-90.5819	0.0	
2.08708e-21	-516.239	850.037	-191.268	0.0	
-1.35272e-21	-3534.23	-1365.72	-76.2088	0.0	
-1.66822e-20	-2431.41	-1240.94	339.081	0.0	
-1.33253e-20	4149.0	462.617	666.546	0.0	
-1.12736e-20	-2403.89	-4647.49	298.119	0.0	
1.86916e-20	5790.68	-6282.12	-12.2135	0.0	
4.70014e-21	4360.05	-2071.45	321.226	0.0	
1.1694e-21	-1688.91	576.431	289.586	0.0	
1.65316e-20	-1027.85	-2033.66	-515.522	0.0	
1.51904e-20	1963.0	-1291.68	-1074.44	0.0	
-2.53289e-20	1249.72	-306.941	-426.705	0.0	
-1.51689e-20	-625.518	1243.72	1085.96	0.0	
3.26992e-20	1239.52	1515.68	698.665	0.0	
-1.35254e-20	-3001.78	-487.301	-122.545	0.0	
1.38793e-20	5651.68	42.8124	-338.794	0.0	
2.24398e-21	2420.97	-302.506	9.57839	0.0	
-1.54802e-21	626.724	630.437	-1294.84	0.0	
-1.14402e-20	-2599.01	3632.39	174.166	0.0	
-1.45858e-20	2000.72	-1697.45	-578.974	0.0	
-8.22826e-21	-3102.83	883.244	-578.712	0.0	
6.21437e-21	3731.51	1878.23	-354.873	0.0	
4.82861e-22	3184.67	1020.9	110.969	0.0	
1.6346e-21	-945.497	1711.18	90.7802	0.0	
-1.87137e-20	245.583	2303.99	-135.748	0.0	
-1.76552e-20	-3577.16	2508.79	561.75	0.0	
-7.55538e-21	-267.37	143.968	-438.207	0.0	
3.04401e-21	89.5601	257.769	541.535	0.0	
9.14524e-21	-3161.69	794.127	273.301	0.0	
2.0462e-20	3951.66	348.367	-261.388	0.0	
-3.07264e-21	138.33	1020.04	76.446	0.0	
-2.75511e-20	-2157.14	-199.74	139.599	0.0	
1.75687e-20	2283.72	1682.74	882.354	0.0	
8.0214e-21	2550.16	-1187.45	287.673	0.0	
-3.10604e-20	-9657.25	286.188	322.65	0.0	
1.41561e-20	-9455.34	6.57016	22.7382	0.0	
3.07486e-21	-412.861	-691.987	211.314	0.0	
-7.40364e-22	6484.16	1376.14	880.83	0.0	
-1.51549e-21	1684.05	-301.023	552.109	0.0	
1.99794e-20	-5304.91	-316.184	214.828	0.0	
1.70882e-20	3587.85	311.052	412.398	0.0	
5.29705e-21	11603.5	-689.589	-487.906	0.0	
1.56971e-20	-1744.54	267.237	-418.365	0.0	
-6.48787e-21	718.741	1042.38	-408.344	0.0	
9.49994e-21	2454.78	-469.703	-1212.53	0.0	
2.72869e-21	5200.1	231.167	-443.101	0.0	
3.03248e-20	3921.73	-71.9697	772.72	0.0	
2.89142e-20	-4601.95	287.474	-955.415	0.0	
-7.18189e-21	-3092.43	-100.859	295.149	0.0	
-8.79682e-21	-578.658	2447.82	-66.993	0.0	
-3.59083e-21	-6665.38	-3588.94	-5.70858	0.0	
1.53531e-21	-10143.7	1769.77	362.447	0.0	
1.31521e-20	2494.4	-1071.38	-597.424	0.0	
1.40473e-20	1108.49	1860.68	-713.423	0.0	
7.87322e-21	-3321.4	-2214.25	-688.626	0.0	
-7.99854e-21	-627.949	-860.781	454.302	0.0	
-1.31603e-21	-1792.12	2128.16	68.6702	0.0	
-1.25202e-20	-1148.29	-1617.33	788.474	0.0	
3.4179e-21	2126.57	-318.447	203.009	0.0	
7.51633e-21	4755.17	-636.969	57.3667	0.0	
1.42311e-20	895.808	1197.64	-327.937	0.0	
-2.2083e-21	-1364.11	734.267	627.381	0.0	
1.01353e-21	1439.32	-710.872	-353.27	0.0	
-4.36506e-21	927.564	3327.46	-95.3495	0.0	
4.04024e-21	-1898.71	-1597.51	368.407	0.0	
-2.14776e-20	1291.3	494.875	-63.5664	0.0	
5.79922e-21	4197.82	164.282	360.82	0.0	
9.555e-21	-4364.89	1173.56	49.0512	0.0	
-7.27502e-21	292.02	2844.46	-365.009	0.0	
-1.43277e-20	174.345	926.622	336.076	0.0	
1.65187e-21	3870.38	-2486.21	-185.938	0.0	
-1.62035e-20	5895.69	-2111.97	-241.028	0.0	
3.28028e-22	4803.33	-2002.0	-767.408	0.0	
-8.95267e-21	-1856.07	-1265.15	-724.072	0.0	
2.81003e-21	-2020.43	749.572	118.131	0.0	
-7.70976e-22	1757.89	-2372.05	-1242.43	0.0	
2.51247e-21	1263.88	1217.32	-440.29	0.0	
-1.19044e-20	-876.352	5332.11	474.548	0.0	
2.71473e-21	-4647.31	1505.07	103.337	0.0	
1.41732e-20	-1877.28	-354.428	-151.356	0.0	
1.65552e-22	4984.99	-991.962	-372.429	0.0	
1.0246e-20	1499.85	1574.82	-592.243	0.0	
2.36254e-20	1324.52	740.378	-121.841	0.0	
-2.92045e-21	-911.839	-1905.6	-215.012	0.0	
-1.10097e-20	1267.87	-2046.58	-425.329	0.0	
-1.91318e-21	-618.378	3750.65	423.257	0.0	
-6.45498e-21	28.5818	1294.4	-17.7958	0.0	
-2.09217e-21	774.948	415.888	-603.514	0.0	
-4.07348e-21	-2819.44	-536.337	235.199	0.0	
-9.66125e-21	-1106.56	1766.74	35.4818	0.0	
-2.28123e-20	-2904.05	141.571	-310.978	0.0	
1.02437e-20	-239.412	-724.636	-337.953	0.0	
-2.30328e-21	1558.22	-3359.31	-253.494	0.0	
1.94363e-21	-620.165	-645.053	431.621	0.0	
-6.33896e-21	-1637.06	-1429.16	-331.483	0.0	
-3.76789e-22	782.412	-23.352	131.47	0.0	
-2.68833e-20	-648.888	1622.65	389.7	0.0	
-7.67189e-21	113.025	935.859	-247.213	0.0	
-2.31364e-20	-310.599	617.081	133.154	0.0	
8.53571e-21	65.4494	-822.26	-204.657	0.0	
-3.25905e-21	-1150.03	-152.871	348.818	0.0	
1.30884e-20	896.012	-980.679	137.738	0.0	
-7.90574e-23	-742.238	90.6169	300.386	0.0	
1.14933e-20	-1188.53	-1007.29	-228.036	0.0	
-1.26126e-21	883.33	897.26	-315.204	0.0	
2.5207e-20	-622.955	-1102.92	182.16	0.0	
-1.29587e-21	202.742	527.596	170.991	0.0	
-1.61872e-21	-4.42793	1269.23	-42.1728	0.0	
1.13489e-22	761.62	-1830.79	281.0	0.0	
-1.696e-20	-960.392	1536.25	-492.272	0.0	
-2.52117e-20	-1090.23	-2454.12	-10.2229	0.0	
-1.35184e-20	-1657.98	-148.02	-59.498	0.0	
-4.15799e-22	3.912	603.638	88.5495	0.0	
-1.7822e-21	-1824.42	-1091.72	217.53	0.0	
-8.25878e-21	-977.89	105.555	347.31	0.0	
-1.73079e-20	86.7616	-251.122	-22.803	0.0	
-1.75771e-20	412.25	-184.156	-351.225	0.0	
3.45314e-20	1901.57	-901.906	218.0	0.0	
9.14985e-21	-280.522	-260.135	-112.106	0.0	
1.4949e-20	988.927	-602.833	668.397	0.0	
-7.55414e-21	-742.014	-374.319	-211.715	0.0	
-1.28259e-20	723.752	-812.771	-254.038	0.0	
-5.28747e-21	744.925	2173.66	503.692	0.0	
8.46352e-21	537.531	186.941	-22.7124	0.0	
1.06201e-20	-152.087	-1356.73	-375.786	0.0	
-1.92376e-21	1097.0	-277.993	-252.155	0.0	
-4.80924e-21	348.776	-361.859	-122.026	0.0	
1.23335e-20	768.989	-954.129	83.8946	0.0	
-1.38691e-20	-395.004	-261.217	-161.234	0.0	
-2.26075e-20	-1296.38	-246.664	-258.961	0.0	
4.97771e-21	299.701	100.554	25.8332	0.0	
-2.43885e-20	-1227.93	25.4614	-338.701	0.0	
6.73881e-21	729.554	-1270.85	222.479	0.0	
-4.09001e-22	-529.679	5051.26	-39.3468	0.0	
2.16783e-20	2148.88	3820.5	51.9413	0.0	
-1.6824e-21	10416.7	3425.08	812.573	0.0	
-5.12137e-21	7297.94	1868.46	-900.316	0.0	
4.3883e-21	1794.54	-9006.6	-1.73153	0.0	
-1.70098e-20	2999.6	3177.02	483.764	0.0	
-2.97578e-20	5130.94	3202.08	505.962	0.0	
2.74109e-20	-9354.41	-431.607	981.961	0.0	
5.94484e-21	-4223.66	6003.68	-1830.22	0.0	
-1.42657e-20	4470.55	-3804.37	-416.231	0.0	
-2.1722e-20	-3199.6	2296.55	-1028.5	0.0	
-1.49824e-20	-5626.55	4344.84	101.201	0.0	
-4.91169e-21	431.822	6903.82	135.537	0.0	
-4.37929e-23	-2996.38	-674.727	188.497	0.0	
1.48229e-20	2254.26	-2340.39	166.604	0.0	
1.30641e-20	-2371.56	1413.12	1624.09	0.0	
-1.07615e-20	-393.604	-3765.7	-447.848	0.0	
-1.25189e-20	5146.42	121.053	-458.232	0.0	
-9.97648e-21	-2528.14	-2798.0	29.5372	0.0	
1.11534e-20	-4923.73	4284.14	-547.608	0.0	
4.04759e-21	-7256.8	-1969.9	-903.275	0.0	
3.31091e-22	-3300.16	4009.87	413.507	0.0	
-1.07024e-20	-4214.09	-3570.14	144.135	0.0	
1.77265e-20	2263.44	-1621.14	-627.887	0.0	
1.00194e-20	-222.121	5785.67	43.6038	0.0	
-8.78661e-21	-956.986	3480.32	-36.2328	0.0	
3.79266e-20	7295.97	3063.81	65.6288	0.0	
-1.19043e-20	1211.94	2185.25	121.273	0.0	
-2.21067e-20	-7152.34	5315.44	-108.338	0.0	
-8.34423e-21	2145.24	-331.464	-132.889	0.0	
1.50414e-20	1951.12	-2230.48	-497.981	0.0	
1.75193e-20	401.139	680.443	-205.661	0.0	
1.24435e-21	841.657	742.568	112.748	0.0	
3.73614e-21	-69.3588	-1979.65	84.8418	0.0	
-1.00878e-20	-802.964	930.34	-340.75	0.0	
-2.01919e-20	-1686.18	344.582	434.113	0.0	
-1.47882e-20	-820.045	644.114	-333.438	0.0	
-3.20978e-21	-1187.24	-618.137	123.832	0.0	
-4.14399e-21	-1726.82	1756.85	-54.7858	0.0	
-1.87163e-20	-729.992	1041.12	121.438	0.0	
-2.19195e-20	162.384	135.712	-166.217	0.0	
-1.47939e-20	609.854	-935.339	434.711	0.0	
1.16307e-20	5203.0	592.746	-264.141	0.0	
4.67572e-21	511.426	-642.168	218.432	0.0	
-3.15688e-20	2599.71	-562.66	-18.8653	0.0	
1.65436e-20	-2651.65	861.491	-79.4091	0.0	
2.92574e-20	156.508	479.775	-57.3067	0.0	
-1.19678e-20	367.834	-221.983	-13.9774	0.0	
4.26493e-21	44.6281	-479.333	359.629	0.0	
-1.01627e-20	-460.446	1040.2	-742.056	0.0	
-5.07227e-21	513.738	1340.33	-168.367	0.0	
-6.41688e-21	462.397	28.9004	-445.956	0.0	
2.17107e-20	1614.07	807.962	178.16	0.0	
-7.78406e-21	-2005.6	1045.35	-198.26	0.0	
-1.34066e-20	-111.572	-839.018	-364.12	0.0	
-9.23525e-21	2273.96	-854.091	327.302	0.0	
2.20965e-20	-1954.31	1285.78	76.7207	0.0	
-9.46305e-22	-508.561	16.5568	229.336	0.0	
-1.73117e-20	343.53	-908.536	579.932	0.0	
2.12741e-20	-976.903	-2810.1	-445.959	0.0	
5.99142e-21	464.375	-338.992	54.5343	0.0	
-4.80406e-21	1988.79	1268.05	-12.9675	0.0	
5.38685e-21	376.471	-1235.71	-270.973	0.0	
2.86546e-20	2106.38	436.073	360.15	0.0	
5.38132e-22	-252.661	1367.1	-308.977	0.0	
-8.69249e-21	218.693	-1320.13	460.875	0.0	
-8.01563e-21	-539.829	136.225	-124.202	0.0	
4.21637e-21	-86.4444	-1101.98	39.4643	0.0	
9.15374e-21	164.762	1030.69	225.229	0.0	
-1.67661e-21	936.77	250.649	41.2993	0.0	
-2.5164e-20	-1004.6	-265.429	39.1201	0.0	
-3.35417e-20	392.613	60.7536	171.217	0.0	
-1.82269e-20	-460.721	-126.381	-92.7585	0.0	
-3.97702e-20	-941.114	307.415	-479.537	0.0	
1.24705e-20	11540.5	2111.48	38.3609	0.0	
-1.16726e-20	6844.84	3010.78	-46.6548	0.0	
-7.34085e-21	-5843.16	-1228.48	-36.022	0.0	
6.69209e-21	-3550.08	-4564.66	-1007.8	0.0	
1.85679e-20	-8285.25	2579.46	97.8211	0.0	
9.69898e-21	6533.83	3180.64	-707.501	0.0	
-3.05959e-22	-11286.1	557.923	867.923	0.0	
8.00531e-21	-2705.68	-8857.88	17.9047	0.0	
1.4161e-20	2553.59	-3005.09	-58.0727	0.0	
-1.79406e-20	3502.87	3901.7	233.125	0.0	
-2.30564e-20	3899.76	4310.41	-466.975	0.0	
3.57625e-20	1829.25	1732.83	172.84	0.0	
-7.82812e-21	1230.92	-2996.33	769.667	0.0	
2.13665e-20	-660.719	-649.194	-1215.85	0.0	
1.16936e-22	1760.55	-1780.21	-650.866	0.0	
-2.2145e-20	-1969.93	-872.043	-491.803	0.0	
-1.48487e-20	3781.7	2460.45	-142.408	0.0	
-3.40728e-20	-1277.25	-201.784	-235.003	0.0	
1.58186e-21	3050.73	1716.1	478.925	0.0	
3.98353e-21	-3444.33	471.209	142.242	0.0	
-7.69404e-21	3755.0	-772.374	-390.369	0.0	
-1.15722e-20	552.748	1130.86	315.771	0.0	
1.44331e-20	-2106.78	-1932.27	-328.771	0.0	
2.2328e-20	-670.124	-1180.05	206.88	0.0	
1.50199e-20	-1150.66	1686.35	281.518	0.0	
-7.64612e-21	-1463.26	-2611.37	-190.34	0.0	
5.97765e-21	266.583	-737.619	-488.702	0.0	
-3.13691e-21	1794.02	-839.114	-262.0	0.0	
2.47219e-20	1465.19	1043.66	267.884	0.0	
1.39882e-21	2112.88	487.441	152.033	0.0	
1.13118e-20	-1578.22	-426.29	-102.695	0.0	
-7.64629e-23	-671.003	880.184	-254.705	0.0	
8.02281e-21	2283.74	1479.39	-179.988	0.0	
1.0679e-20	885.111	-3436.42	92.3441	0.0	
-7.16742e-21	1477.14	2128.96	-42.4852	0.0	
1.13097e-21	561.399	-819.573	-204.585	0.0	
1.09222e-20	3279.96	1008.4	-142.314	0.0	
-5.86808e-21	2918.64	2521.06	-369.237	0.0	
1.52976e-20	-237.328	348.627	-235.928	0.0	
-2.81538e-20	5753.13	-775.181	-639.815	0.0	
-1.13571e-20	3562.51	480.754	254.632	0.0	
-3.5587e-20	895.211	1271.66	366.407	0.0	
-2.45897e-20	-1669.6	881.879	165.559	0.0	
2.05715e-20	-188.364	-1052.69	13.5259	0.0	
-1.73597e-20	4420.98	-967.87	516.16	0.0	
-3.47558e-20	118.625	455.65	-233.887	0.0	
4.24343e-21	1955.81	-709.061	52.3822	0.0	
2.28739e-22	-2524.19	364.195	-406.652	0.0	
-1.16132e-20	-6803.42	-1160.3	217.237	0.0	
1.91061e-20	-6852.14	222.237	348.612	0.0	
-3.24935e-21	-4318.75	-360.343	-250.727	0.0	
1.44906e-20	4867.15	525.197	-122.884	0.0	
-5.41869e-21	999.385	-55.2779	-400.029	0.0	
2.23924e-21	-268.552	-1851.14	-71.479	0.0	
-6.80533e-21	3558.85	-1820.71	-124.58	0.0	
-3.2871e-21	306.262	319.98	299.312	0.0	
9.69686e-21	-2160.71	-1976.15	222.602	0.0	
1.18174e-20	1301.21	-1529.78	657.82	0.0	
-1.04685e-21	-1015.35	-442.893	377.283	0.0	
-9.98797e-21	1212.47	-126.559	250.752	0.0	
2.67542e-21	-3591.22	-833.783	217.677	0.0	
4.8257e-22	-1580.62	-151.929	-257.509	0.0	
8.86707e-21	2587.32	130.102	-296.885	0.0	
2.77931e-20	-4059.25	-2854.08	-173.125	0.0	
-2.03788e-20	-1048.39	-1179.12	834.978	0.0	
-2.76636e-20	-822.068	636.737	243.102	0.0	
1.60618e-20	-1717.14	-432.731	347.029	0.0	
1.1788e-20	-3596.74	-3140.62	134.274	0.0	
1.15399e-20	-941.457	1623.02	117.513	0.0	
1.79704e-20	544.896	-1883.58	-66.9208	0.0	
1.29753e-20	521.529	2027.74	255.333	0.0	
2.26655e-20	-2490.76	535.31	-228.559	0.0	
9.36986e-21	2620.27	607.305	-248.646	0.0	
-1.13059e-20	-549.151	-862.578	-378.74	0.0	
1.37798e-20	-53.4688	-2744.11	-400.793	0.0	
1.0344e-20	142.131	-1149.16	-285.401	0.0	
9.11117e-21	-1477.22	411.905	-202.609	0.0	
-2.16566e-20	434.446	1709.56	46.8912	0.0	
1.47457e-20	3091.6	-60.5252	145.665	0.0	
5.70336e-21	-995.296	-701.27	-212.831	0.0	
1.34726e-20	-342.08	546.142	24.8471	0.0	
-1.11762e-20	-1989.09	-1297.39	392.097	0.0	
1.90462e-20	-3823.73	-721.942	139.692	0.0	
-9.19585e-21	-2599.24	-125.406	-180.295	0.0	
-2.95563e-20	1681.66	3436.68	371.238	0.0	
4.60302e-22	565.031	1171.91	-11.1262	0.0	
-1.89658e-20	-505.337	1223.09	-533.102	0.0	
3.55932e-21	2157.78	76.5956	-34.155	0.0	
-1.62877e-20	-515.527	-267.866	-111.035	0.0	
-3.89602e-21	-114.515	-906.078	-202.116	0.0	
4.04584e-21	278.688	-294.314	-63.6892	0.0	
2.53495e-22	365.235	2643.9	353.755	0.0	
-8.9012e-21	-927.052	-633.87	-136.825	0.0	
-1.24716e-20	982.57	-139.431	46.3381	0.0	
-2.69237e-21	-2303.52	-19.7607	161.017	0.0	
-1.4102e-20	76.8702	-523.111	16.7958	0.0	
1.01576e-20	-3239.81	18.2959	214.657	0.0	
-6.51717e-21	-2434.26	145.981	340.918	0.0	
7.16453e-21	884.96	-423.388	394.738	0.0	
-2.37473e-21	3337.18	416.914	-600.907	0.0	
-1.22676e-20	-117.232	-113.25	151.985	0.0	
-9.12033e-21	-898.692	-1970.02	388.424	0.0	
4.62776e-21	-784.809	-336.046	38.6942	0.0	
7.67884e-21	-252.032	-552.887	36.1567	0.0	
6.14593e-21	950.03	448.891	161.153	0.0	
-3.15378e-21	-1275.97	549.608	331.258	0.0	
-3.60175e-21	38.0757	7.87765	160.991	0.0	
-1.01894e-20	22.8143	2039.3	-197.112	0.0	
1.04775e-20	-1179.77	-306.874	-7.75078	0.0	
1.03618e-20	891.564	4939.5	138.702	0.0	
5.68558e-21	3627.42	560.384	-447.874	0.0	
-8.02427e-22	-4520.16	411.946	173.667	0.0	
1.88067e-20	353.765	3202.48	362.144	0.0	
3.37792e-20	2145.11	-5932.98	-484.381	0.0	
1.16506e-20	5650.63	592.415	298.987	0.0	
4.95932e-21	-15915.1	-87.2728	1718.35	0.0	
-4.81416e-21	-7110.57	-4356.43	-668.942	0.0	
-7.60555e-22	1628.97	-12.6681	232.063	0.0	
-1.36227e-20	-6450.37	2929.89	249.468	0.0	
1.88044e-21	452.51	-1776.07	156.22	0.0	
-3.81213e-21	-6569.9	-3972.05	472.388	0.0	
-1.87113e-20	-2902.27	3147.65	400.158	0.0	
1.94115e-20	-2603.5	-1468.67	682.65	0.0	
-2.11907e-20	12473.1	-1845.44	-670.203	0.0	
-8.61118e-21	-14139.7	-2706.34	1052.13	0.0	
6.90815e-21	-5121.44	-554.208	56.6717	0.0	
-2.54099e-21	1349.22	-2955.31	-640.93	0.0	
-1.46244e-20	-2004.73	901.315	-1114.46	0.0	
3.42181e-21	2029.06	-3083.35	60.7956	0.0	
-1.24865e-21	-3222.88	-9344.32	-1068.62	0.0	
-1.2044e-20	-7664.55	1695.16	-687.509	0.0	
5.01695e-21	2877.31	5788.99	910.064	0.0	
1.88451e-20	9804.91	879.807	437.003	0.0	
-2.11743e-20	-292.293	3781.71	-372.952	0.0	
1.11179e-20	159.974	-1868.32	2235.86	0.0	
-7.10775e-21	3698.93	-2861.7	-1148.52	0.0	
4.01549e-21	3831.2	4064.98	774.897	0.0	
5.6624e-21	936.16	302.062	-373.415	0.0	
5.88664e-21	3661.79	-678.122	-506.12	0.0	
-1.11215e-20	-5273.61	37.9747	593.467	0.0	
-2.46464e-20	-1906.86	3490.75	568.763	0.0	
1.55742e-20	-384.536	-2576.95	337.814	0.0	
-1.87111e-20	2190.39	-2216.37	-328.394	0.0	
1.01999e-20	8.99028	741.372	-967.637	0.0	
-1.93155e-20	4349.91	1120.5	-452.748	0.0	
4.7894e-22	-2483.95	1179.1	-212.133	0.0	
-2.01365e-20	1208.11	1960.42	777.224	0.0	
-4.92394e-21	224.231	-52.7664	-453.676	0.0	
6.24271e-21	-1934.19	-535.706	-175.604	0.0	
-3.42592e-21	-572.112	2344.09	-290.738	0.0	
1.92741e-20	484.408	2813.1	494.057	0.0	
-2.09639e-20	-877.762	-818.141	-390.86	0.0	
1.37651e-20	-12.7568	-1432.94	-404.481	0.0	
-5.97638e-21	-2010.97	2102.89	-199.66	0.0	
-8.06362e-21	-1529.75	212.798	442.399	0.0	
1.78804e-21	-197.967	-513.103	-107.693	0.0	
2.24619e-20	-1264.19	-1065.32	11.6372	0.0	
-2.50651e-20	2512.13	-41.0093	30.5614	0.0	
2.19052e-20	751.409	134.588	-264.438	0.0	
1.73571e-20	1243.29	308.539	570.16	0.0	
-2.98906e-20	1126.88	1706.45	25.1785	0.0	
2.83346e-21	-1942.93	-1382.63	-83.728	0.0	
9.54576e-21	1079.17	-865.058	119.491	0.0	
8.61872e-21	1172.25	559.818	234.636	0.0	
-2.96523e-20	1897.85	-1054.85	-332.348	0.0	
-1.97305e-20	5666.46	385.529	-99.4611	0.0	
5.44034e-21	-1788.74	878.441	-179.076	0.0	
-6.77573e-22	170.442	-58.0614	134.259	0.0	
8.17321e-21	-1315.87	1832.16	150.533	0.0	
-2.32565e-20	785.499	636.421	-95.8971	0.0	
-1.09362e-20	1895.58	302.233	-383.393	0.0	
-1.99062e-21	143.461	264.708	4.62801	0.0	
-1.18795e-20	569.801	-58.7991	-161.757	0.0	
-1.1595e-20	2686.47	1518.84	-616.463	0.0	
-4.55632e-21	1165.44	-2083.95	-206.334	0.0	
1.36129e-20	-547.919	1647.47	-6.35452	0.0	
1.65894e-21	-1613.41	-228.135	235.4	0.0	
-1.99042e-20	1071.36	-1130.48	-321.332	0.0	
-2.06682e-21	2524.05	393.251	-374.339	0.0	
-1.6041e-22	1167.51	935.675	-219.873	0.0	
3.18309e-20	2671.55	843.598	-421.115	0.0	
1.04e-20	607.597	485.082	593.651	0.0	
2.33745e-20	637.769	33.9715	-362.887	0.0	
2.30507e-20	-2614.29	-567.72	287.956	0.0	
1.40421e-20	1641.96	-1391.37	375.764	0.0	
-1.06819e-20	-547.165	1404.76	-280.477	0.0	
-3.28129e-21	1129.16	-982.273	-278.244	0.0	
1.71696e-20	-396.82	-567.678	322.725	0.0	
-3.20797e-20	604.251	-28.4701	566.359	0.0	
1.02276e-20	938.363	-465.832	354.428	0.0	
1.74593e-20	-1005.73	93.8672	162.956	0.0	
-8.58624e-21	-7.51222	1171.39	-51.5247	0.0	
-1.75724e-20	-6.45217	-684.031	153.185	0.0	
3.07766e-21	283.751	349.645	-248.049	0.0	
-5.97335e-21	579.777	504.148	-116.967	0.0	
-1.93078e-20	52.3299	-80.0394	-66.5968	0.0	
-1.50322e-20	231.356	1066.57	-238.093	0.0	
-2.86812e-20	1183.32	-574.97	-340.184	0.0	
-1.28036e-20	623.481	-307.259	41.6771	0.0	
-1.30047e-20	-34.6525	-581.388	229.594	0.0	
1.79585e-20	1150.91	-411.814	-193.214	0.0	
-9.73563e-21	-2920.64	-723.068	-95.4857	0.0	
1.31229e-20	-1227.45	445.237	-178.828	0.0	
-1.75439e-20	-277.363	500.628	-83.5838	0.0	
-2.6505e-20	2114.2	2221.0	54.6193	0.0	
2.28062e-21	4057.15	-1390.43	49.1431	0.0	
1.23434e-20	3975.75	-1902.68	23.6681	0.0	
-5.52524e-21	1923.31	289.425	-301.189	0.0	
8.95875e-21	-574.987	-1947.47	231.465	0.0	
-7.50134e-22	-1165.0	-577.015	613.108	0.0	
3.08158e-20	174.276	510.337	382.253	0.0	
1.08602e-20	-2306.57	-438.655	2.2752	0.0	
4.65055e-21	-347.653	-1463.14	-703.666	0.0	
-1.24316e-20	-595.481	-487.658	-205.091	0.0	
-1.24777e-20	985.866	-826.151	-164.038	0.0	
3.07511e-21	-4004.59	327.519	109.599	0.0	
-3.40272e-20	863.634	-178.184	-29.1705	0.0	
-4.17207e-21	250.486	-628.66	401.392	0.0	
-1.35428e-20	1467.82	-1493.94	-288.557	0.0	
-3.25857e-20	2.7078	-2497.47	619.09	0.0	
-1.70691e-20	801.877	-972.073	323.086	0.0	
-9.38282e-21	-397.995	525.146	-245.604	0.0	
2.81887e-20	1685.75	-527.164	329.522	0.0	
9.31784e-21	67.0681	-824.819	-231.956	0.0	
-4.16026e-22	28.57	593.193	23.5892	0.0	
-3.84153e-21	-1542.49	84.7017	-52.6181	0.0	
-1.53914e-20	297.857	726.745	30.1654	0.0	
1.48465e-20	-1034.95	-553.322	73.1646	0.0	
1.15137e-20	-2345.46	-1337.84	-36.2371	0.0	
1.59601e-20	-8480.46	-719.524	576.754	0.0	
-2.54289e-21	-2465.4	446.102	5.06255	0.0	
1.91905e-20	-1578.37	-1195.57	-17.2842	0.0	
1.01467e-20	-2571.08	489.637	88.933	0.0	
1.83127e-20	-6231.85	-2500.09	9.24978	0.0	
4.81108e-21	-6736.2	-1159.98	-570.293	0.0	
-5.41413e-21	6144.81	-476.972	-174.347	0.0	
5.43446e-21	5625.24	3643.62	757.882	0.0	
2.40507e-20	2856.24	-337.989	-94.8162	0.0	
-2.69594e-21	-904.712	3690.13	45.6701	0.0	
-1.18762e-21	358.997	2494.99	-369.177	0.0	
-1.82989e-20	-1002.03	-5536.3	-300.577	0.0	
2.36056e-20	2660.52	-930.321	151.729	0.0	
2.77295e-20	-576.075	-233.263	321.896	0.0	
-2.02989e-22	2579.42	-1307.49	-318.323	0.0	
1.58365e-20	-2334.02	-400.975	-247.252	0.0	
-8.77137e-21	-1626.02	1124.21	601.625	0.0	
-1.39329e-20	47.5909	743.307	-89.3026	0.0	
-3.20806e-21	1088.05	401.263	-126.199	0.0	
1.65403e-20	536.255	407.738	-482.242	0.0	
6.76216e-21	-491.585	597.478	784.696	0.0	
-5.88634e-21	-730.19	1404.81	-69.3898	0.0	
9.16195e-22	673.976	-2228.55	256.006	0.0	
1.51163e-20	-469.189	68.0954	624.906	0.0	
2.17387e-20	2703.48	-437.042	-10.6347	0.0	
3.38669e-20	-3367.61	550.165	-1.47208	0.0	
2.44657e-20	1119.32	-46.282	123.692	0.0	
1.70885e-21	-1932.62	-579.824	70.9121	0.0	
2.43883e-20	-297.526	1290.74	229.858	0.0	
-1.40279e-20	-750.049	-1424.6	-153.316	0.0	
-3.19936e-22	-204.314	-350.47	139.26	0.0	
-1.48064e-20	3051.0	49.3054	-5.93114	0.0	
-1.90981e-21	-931.966	-1124.3	-204.341	0.0	
2.96596e-21	-181.316	-401.592	-102.142	0.0	
6.76557e-21	2218.87	828.995	-27.6184	0.0	
6.38146e-21	626.413	-1105.75	-160.079	0.0	
1.99846e-20	-277.301	412.454	-391.473	0.0	
-2.8796e-21	492.458	12.5575	-25.6282	0.0	
1.63186e-20	868.069	446.521	-388.488	0.0	
-1.98843e-20	1925.32	1986.29	-75.1274	0.0	
1.34223e-21	918.742	1198.13	-256.915	0.0	
9.38119e-21	1110.8	989.471	-101.804	0.0	
-9.79999e-21	1471.54	1928.78	325.876	0.0	
1.2334e-21	2644.33	103.186	-215.005	0.0	
-4.36812e-22	-691.662	777.035	41.7825	0.0	
-1.15539e-20	1379.07	1045.9	46.3529	0.0	
-1.39735e-20	652.486	-1352.48	102.08	0.0	
-5.19551e-21	3892.19	-1460.1	-341.988	0.0	
2.8302e-21	4273.99	544.687	-191.79	0.0	
1.36539e-20	1822.99	41.1374	184.451	0.0	
1.37666e-20	2812.09	754.655	165.848	0.0	
-2.13197e-20	2890.05	1430.82	-53.0249	0.0	
-3.97453e-21	1064.51	208.858	-229.182	0.0	
3.14651e-21	-1417.09	1192.92	-372.967	0.0	
-1.38696e-20	1838.94	-274.841	-23.5535	0.0	
-1.83954e-21	-606.316	445.662	-32.0333	0.0	
2.09243e-20	288.479	-225.558	-417.872	0.0	
1.55001e-21	-1107.97	1368.61	259.131	0.0	
-3.08162e-20	1845.05	-158.153	185.048	0.0	
-1.11893e-20	646.292	-636.523	392.476	0.0	
-1.54646e-20	-321.505	696.302	11.2225	0.0	
8.29952e-21	-1347.09	107.959	355.734	0.0	
1.11158e-20	-445.997	187.743	64.8174	0.0	
1.4143e-20	-731.9	164.822	-203.134	0.0	
8.15797e-22	1982.18	340.936	-181.905	0.0	
4.56501e-21	1178.87	966.027	-11.4266	0.0	
-1.78922e-20	-528.056	67.9744	-123.476	0.0	
2.80549e-21	-730.126	1.5095	-85.7074	0.0	
-2.89657e-21	-92.1728	-571.569	-147.621	0.0	
2.06703e-20	168.129	651.639	-353.321	0.0	
-1.05263e-21	306.815	77.3033	8.52617	0.0	
9.60052e-21	119.336	239.665	-372.773	0.0	
9.71327e-21	-1048.7	-380.704	148.264	0.0	
8.60544e-21	120.438	-171.312	-592.581	0.0	
-1.039e-20	746.703	-1367.54	15.8748	0.0	
8.54137e-21	281.608	92.0128	3.63543	0.0	
1.63885e-20	-786.576	-0.915484	-43.0806	0.0	
3.66799e-21	236.676	-877.765	-338.313	0.0	
-1.34947e-20	837.455	-1049.17	18.4279	0.0	
4.00505e-21	-150.048	-259.433	-85.6877	0.0	
8.51619e-21	-104.059	-7.57548	66.3111	0.0	
-1.28226e-20	148.776	76.0592	241.897	0.0	
-2.18415e-20	587.396	101.921	76.9874	0.0	
9.10092e-21	-328.905	-201.016	-268.291	0.0	
-6.95596e-21	432.731	-528.153	-300.546	0.0	
3.32434e-20	-211.604	15.4572	-400.858	0.0	
5.4108e-21	-834.543	43.832	-108.276	0.0	
-7.31342e-21	-158.938	-479.416	223.286	0.0	
2.46704e-20	-275.518	183.407	202.616	0.0	
2.19267e-20	-503.304	154.309	101.707	0.0	
3.73974e-21	1242.5	-585.805	163.017	0.0	
3.66556e-20	611.73	-419.426	7.1989	0.0	
-2.80863e-20	-322.044	-117.772	74.0273	0.0	
-3.86728e-21	2378.03	63.3674	112.047	0.0	
-3.05754e-20	1326.65	1146.9	-178.098	0.0	
1.69717e-20	-1394.87	364.626	280.383	0.0	
-6.05568e-21	387.958	-437.141	-163.757	0.0	
-3.06471e-22	-665.822	-1000.3	87.1162	0.0	
-1.94422e-20	887.751	-285.332	355.497	0.0	
5.12405e-21	-4127.88	-339.151	1.49724	0.0	
-1.4239e-21	206.085	1.12916	243.933	0.0	
-1.0371e-20	-1885.31	1198.37	105.779	0.0	
-3.25818e-21	-1513.5	776.879	-573.708	0.0	
-1.36217e-20	-570.974	480.032	-11.4381	0.0	
1.76958e-21	-1106.26	1458.06	-280.096	0.0	
-1.96446e-20	-672.51	2018.22	101.712	0.0	
-1.4245e-21	-136.372	712.485	-320.424	0.0	
-2.29799e-20	2039.76	60.8606	227.691	0.0	
7.49647e-22	-575.431	-248.16	-423.254	0.0	
-1.04326e-20	1301.75	182.06	-50.1226	0.0	
-1.11376e-20	821.937	642.12	162.685	0.0	
-1.52604e-20	552.151	-886.193	9.05796	0.0	
5.40994e-21	65.4788	-828.906	-253.498	0.0	
1.09326e-20	3183.28	722.503	-165.27	0.0	
-1.02251e-20	1005.07	-2143.29	312.205	0.0	
-1.04702e-20	1194.26	-2078.27	-91.001	0.0	
-2.82754e-20	474.663	-573.25	-337.723	0.0	
-4.92584e-21	-1301.28	-488.119	-24.3388	0.0	
-1.55216e-20	-1021.74	-371.087	280.702	0.0	
-6.25748e-21	-149.411	104.195	-100.29	0.0	
1.86852e-20	-1330.76	-644.726	15.6147	0.0	
3.71061e-21	832.86	72.9514	-367.47	0.0	
-1.77555e-21	-5552.04	-1412.21	572.513	0.0	
-2.14921e-20	1924.41	-658.976	80.3836	0.0	
4.93835e-21	-2556.33	99.5548	-30.0179	0.0	
3.51465e-21	-3826.53	1968.87	495.293	0.0	
-2.79312e-21	-3616.9	-396.916	-446.24	0.0	
5.359e-21	1106.0	-219.585	174.858	0.0	
3.03741e-20	-2425.77	-803.082	101.737	0.0	
3.17541e-21	-1232.27	1807.1	840.289	0.0	
4.27381e-21	1597.6	-590.098	102.653	0.0	
-7.07788e-21	35.9336	-732.38	-770.747	0.0	
3.95122e-21	788.171	-1161.42	108.619	0.0	
1.85261e-20	1693.29	760.356	302.726	0.0	
-2.09894e-20	-1257.69	971.667	-513.852	0.0	
1.66231e-20	1463.76	-922.572	77.0137	0.0	
4.04872e-21	758.347	7.03115	-346.193	0.0	
-1.47213e-20	511.251	-524.971	-58.5529	0.0	
1.4392e-20	-93.3961	417.944	116.073	0.0	
-8.15183e-21	672.741	-119.11	-804.851	0.0	
-7.59142e-21	-1078.42	399.521	-60.8376	0.0	
-8.6814e-21	-3412.63	1280.27	400.172	0.0	
-1.03387e-20	1526.16	-48.7161	-124.001	0.0	
3.40795e-21	194.5	2783.85	118.286	0.0	
-2.98812e-21	-988.862	1044.33	-152.943	0.0	
-2.29996e-20	849.34	915.117	-476.481	0.0	
2.2447e-21	777.551	-708.422	111.349	0.0	
-1.79882e-21	-1710.57	-558.39	-104.384	0.0	
6.58099e-21	-337.943	-1185.44	336.286	0.0	
2.8427e-21	-787.429	-757.084	-31.2282	0.0	
2.02028e-20	215.138	1933.99	501.869	0.0	
-2.923e-20	1934.72	-205.718	-120.575	0.0	
4.93701e-23	1076.11	-1245.81	-237.473	0.0	
5.43478e-21	3174.17	-2991.05	182.84	0.0	
1.38578e-21	-203.227	342.699	-23.6001	0.0	
1.80327e-20	1913.47	1082.66	-347.891	0.0	
-1.63381e-20	4154.44	-667.472	-248.318	0.0	
1.39205e-24	951.536	-416.902	514.893	0.0	
-1.27423e-20	1168.47	2201.29	-136.232	0.0	
6.30272e-21	-159.314	-145.357	-55.7827	0.0	
-2.73696e-20	2090.27	-592.389	-252.654	0.0	
2.16747e-20	1759.7	467.143	-366.185	0.0	
-4.80369e-21	3460.15	-328.34	-124.05	0.0	
-1.66824e-20	-1822.23	-586.421	77.7233	0.0	
3.21015e-20	-2470.14	-843.743	86.2783	0.0	
-9.66306e-21	-1078.08	-184.799	-15.4343	0.0	
-9.40895e-22	-53.5076	472.329	541.126	0.0	
2.28669e-21	-122.344	324.141	377.945	0.0	
1.47081e-20	-898.867	10.9921	103.4	0.0	
-1.80767e-20	728.444	-1520.76	-280.599	0.0	
5.09931e-21	4108.48	-498.501	-572.036	0.0	
-5.04787e-21	-1918.82	-482.354	46.9562	0.0	
1.11994e-20	-1969.88	-831.875	-108.746	0.0	
-1.26995e-20	434.938	126.001	205.267	0.0	
-1.14227e-20	-1892.16	445.072	189.846	0.0	
1.03885e-20	-14.0264	581.044	70.307	0.0	
1.13042e-20	-617.884	533.979	65.0542	0.0	
1.50465e-20	3813.13	-1071.94	146.94	0.0	
1.16311e-21	10116.2	-2621.75	116.189	0.0	
1.22511e-20	-2643.96	1805.31	168.501	0.0	
-2.02203e-20	-2166.77	2672.48	423.913	0.0	
-1.40381e-20	3010.71	-1298.52	-36.5864	0.0	
-2.72339e-21	1249.42	371.183	-84.1864	0.0	
3.04419e-21	633.102	1937.89	-41.2252	0.0	
-2.36699e-20	-413.728	-298.341	90.9206	0.0	
1.0161e-20	-3518.45	-605.795	-318.499	0.0	
1.89826e-20	-3302.48	2433.83	627.667	0.0	
-2.81234e-20	261.529	1987.14	314.435	0.0	
-1.56821e-20	1949.67	1569.23	-420.265	0.0	
5.77619e-21	1521.09	2729.8	-17.4858	0.0	
-1.1957e-20	-1039.95	-1000.34	-359.5	0.0	
-1.59939e-20	597.192	1964.57	-24.3906	0.0	
-3.08992e-21	2907.95	67.3143	-22.005	0.0	
2.30975e-20	-1844.29	1664.24	-27.3898	0.0	
5.15672e-21	-39.2214	750.606	-303.172	0.0	
1.12097e-20	-584.261	-897.758	65.0187	0.0	
1.46113e-20	-4549.04	-3218.47	-714.906	0.0	
-1.44234e-20	-2130.11	-4059.97	291.943	0.0	
1.0393e-20	-345.493	-1913.76	478.561	0.0	
-3.04952e-20	-1580.88	-398.886	-31.0621	0.0	
-1.52948e-20	-1227.33	2600.69	-342.428	0.0	
2.74462e-20	-944.625	415.944	547.224	0.0	
-4.59509e-22	-3894.29	436.033	-93.9631	0.0	
-4.26784e-21	-834.498	-713.955	-245.717	0.0	
6.04905e-21	-2143.36	1148.77	-323.2	0.0	
1.29764e-20	-3585.04	572.288	-22.533	0.0	
1.56876e-20	-2638.16	577.905	-1.95222	0.0	
-7.83951e-21	-1175.25	1283.17	-346.463	0.0	
-1.52895e-21	-50.1812	106.925	-141.111	0.0	
1.74317e-20	-125.115	-3098.33	114.06	0.0	
3.53626e-22	-2402.31	-1942.77	738.655	0.0	
-1.1789e-20	-785.38	-1448.86	585.143	0.0	
1.28235e-20	-1192.44	392.922	-113.251	0.0	
-3.0982e-20	-949.865	-998.23	129.534	0.0	
9.18127e-21	-1610.69	81.559	406.97	0.0	
2.19246e-20	-748.643	987.505	502.4	0.0	
-1.18254e-20	-279.284	-252.608	104.225	0.0	
-2.848e-21	-1559.13	539.2	-250.269	0.0	
2.67823e-20	-1200.95	94.5407	-452.032	0.0	
-6.08651e-21	2055.02	-875.405	216.669	0.0	
-3.53238e-23	-254.324	-100.707	-622.898	0.0	
2.20112e-21	-1723.2	-28.0225	-405.101	0.0	
-2.36013e-20	3519.8	-2456.98	-137.878	0.0	
2.55166e-20	445.982	-558.909	268.457	0.0	
9.5267e-21	717.771	-60.9439	107.627	0.0	
8.79928e-21	-1003.38	111.047	376.596	0.0	
-9.37969e-22	858.077	-321.462	-203.12	0.0	
5.65294e-21	1014.87	15.3443	314.323	0.0	
2.31423e-20	1843.35	-203.251	-184.841	0.0	
-9.42304e-21	379.682	818.197	-222.303	0.0	
1.45705e-20	-1244.96	1175.38	170.076	0.0	
8.7472e-21	-3435.59	129.651	8.26107	0.0	
-2.18103e-20	217.973	331.636	202.384	0.0	
1.89869e-20	-1543.9	-188.613	294.549	0.0	
-2.68736e-20	-450.869	-334.559	84.3407	0.0	
7.44509e-21	70.6159	-264.178	-596.913	0.0	
1.08474e-20	176.131	-290.93	-81.8556	0.0	
1.2225e-20	1013.15	-1068.26	45.8192	0.0	
1.42962e-20	-77.888	-25.6621	-180.785	0.0	
-1.75883e-20	362.744	628.936	345.541	0.0	
-1.55757e-20	404.355	966.278	-150.136	0.0	
1.37054e-20	2076.62	372.905	-140.597	0.0	
-1.82251e-20	1028.44	1281.69	-150.748	0.0	
-6.55259e-21	-993.89	101.375	52.5944	0.0	
1.36067e-20	-639.669	93.1193	196.77	0.0	
-1.25211e-21	1369.36	-436.265	116.665	0.0	
1.1188e-20	-361.671	-397.991	136.141	0.0	
3.24169e-20	1533.7	457.163	375.411	0.0	
-1.98465e-20	751.474	542.579	-153.537	0.0	
1.29916e-20	3498.88	155.231	49.1704	0.0	
1.99248e-20	-468.8	490.905	140.716	0.0	
-1.17948e-20	1068.48	-100.5	44.1292	0.0	
-1.48463e-20	-916.713	-382.391	11.5137	0.0	
2.34422e-20	75.1517	636.504	-188.037	0.0	
1.52672e-20	-310.182	-120.424	-1.60001	0.0	
1.51795e-20	-312.232	-376.957	-353.948	0.0	
2.50517e-20	-1894.31	214.725	-230.693	0.0	
-1.38593e-20	1336.71	718.056	74.6372	0.0	
1.38572e-20	1064.84	-315.333	-374.221	0.0	
1.06196e-22	-1081.76	626.825	25.3348	0.0	
-2.85872e-21	-774.782	-668.828	-9.56865	0.0	
-2.05161e-20	-2376.95	1251.33	250.686	0.0	
-3.56919e-20	-493.298	302.44	71.61	0.0	
2.48355e-20	-1449.79	-40.2507	-54.0583	0.0	
1.58847e-20	637.901	-983.238	-325.555	0.0	
3.69217e-20	-1929.28	-631.694	-42.1916	0.0	
-2.913e-20	-495.68	-767.003	240.857	0.0	
1.0151e-20	328.888	-321.294	106.286	0.0	
-1.76304e-21	-791.916	-732.26	215.229	0.0	
1.34754e-20	-71.9382	-665.096	-6.95484	0.0	
-9.48067e-22	-336.741	151.049	52.5223	0.0	
-3.03659e-20	-65.4708	93.0086	-6.38685	0.0	
-8.60041e-23	-234.372	-46.359	-89.9044	0.0	
1.04077e-20	-642.933	644.594	6.0705	0.0	
-3.16121e-21	-872.851	64.5358	-18.7458	0.0	
-8.12789e-21	-285.586	497.092	-116.61	0.0	
1.10208e-21	16.7381	36.7524	-368.279	0.0	
-3.54948e-20	450.44	-199.28	-247.916	0.0	
-6.61034e-21	-251.88	757.187	-86.3145	0.0	
8.29434e-21	54.689	342.05	-450.697	0.0	
5.40634e-21	-596.763	314.1	355.311	0.0	
1.81682e-20	-284.291	267.648	173.785	0.0	
4.63916e-21	-3329.94	-592.966	85.4625	0.0	
-2.55213e-21	-670.344	678.989	288.38	0.0	
9.46053e-21	-1676.6	-362.961	365.024	0.0	
2.13135e-20	-1941.13	-1561.32	-208.606	0.0	
-6.39094e-22	-2454.44	212.528	-469.983	0.0	
3.03756e-21	-1622.99	-549.928	-160.217	0.0	
-3.076e-20	-603.593	-276.488	-35.0891	0.0	
-2.47312e-21	-614.467	-179.78	119.201	0.0	
1.52485e-20	-308.068	685.827	385.371	0.0	
-1.02337e-20	-299.995	-1345.93	-53.5889	0.0	
8.83084e-21	-227.008	-250.424	-42.2114	0.0	
-1.67865e-20	-384.491	-1164.64	-181.372	0.0	
-2.94497e-20	-525.642	-935.04	408.946	0.0	
-2.6004e-20	-527.26	-1421.63	-5.65511	0.0	
-4.96278e-21	-604.659	-279.336	133.335	0.0	
1.10325e-21	-854.492	-357.864	530.063	0.0	
1.7208e-21	269.648	81.4625	-64.3862	0.0	
-1.47552e-20	1230.26	-677.896	-26.8611	0.0	
-7.00604e-21	553.278	326.728	-165.438	0.0	
2.30027e-20	-265.132	57.9041	-210.748	0.0	
-1.82366e-20	-354.991	-627.064	-84.8007	0.0	
-1.8328e-20	492.776	577.325	-214.093	0.0	
1.30651e-20	418.661	325.96	233.263	0.0	
-9.2199e-21	-1436.43	568.491	-724.588	0.0	
1.4379e-20	-691.276	275.122	-107.841	0.0	
1.33475e-20	-2171.73	-714.964	-134.896	0.0	
-1.07563e-20	-729.412	-417.274	-591.824	0.0	
4.221e-21	75.5718	208.946	157.328	0.0	
6.79399e-22	-529.803	109.47	109.5	0.0	
1.57414e-20	91.0249	-385.538	-15.7089	0.0	
-8.10892e-21	1954.55	1105.88	632.732	0.0	
-1.58891e-20	845.577	-493.386	-91.7985	0.0	
2.70425e-21	-677.668	-639.357	-136.244	0.0	
-1.1099e-20	-349.352	-1039.85	-220.061	0.0	
-1.49036e-20	475.265	268.338	-90.5069	0.0	
-2.20206e-20	-211.858	-6.15687	148.172	0.0	
-1.67311e-20	-738.49	-565.731	2.89031	0.0	
2.13992e-20	69.6804	24.8685	-23.6339	0.0	
-2.28488e-20	-254.061	582.765	225.438	0.0	
-2.37067e-21	-1906.91	202.751	-23.5501	0.0	
2.26504e-20	-1412.63	-438.471	-52.0323	0.0	
1.26609e-20	-237.659	543.214	384.488	0.0	
-4.16174e-21	376.175	230.458	119.965	0.0	
6.44834e-21	576.482	-212.487	58.2947	0.0	
-7.05465e-21	1186.95	-265.192	241.235	0.0	
9.31937e-21	762.738	-99.9575	-19.1726	0.0	
1.07268e-20	-767.954	-860.314	73.6847	0.0	
4.66473e-22	-679.522	270.317	24.0231	0.0	
1.94625e-20	-1169.84	117.412	110.127	0.0	
1.25452e-20	-156.983	358.364	458.389	0.0	
8.12871e-21	1164.83	629.527	-159.363	0.0	
-4.20318e-21	-673.23	-181.197	-64.0835	0.0	
-3.56697e-20	159.246	334.618	-167.358	0.0	
-4.99828e-21	408.609	-333.652	-383.132	0.0	
-2.10841e-20	-307.454	-1.1674	-516.68	0.0	
-6.3672e-21	346.399	219.218	-146.75	0.0	
-1.30148e-20	14.0275	82.3592	-188.962	0.0	
2.94811e-20	-983.008	633.59	137.294	0.0	
2.19601e-20	809.711	-673.66	80.6534	0.0	
1.9663e-20	-383.21	11.5838	-102.862	0.0	
5.59034e-21	-1320.26	23.6288	-103.612	0.0	
1.19702e-20	2625.51	443.746	-278.624	0.0	
1.21365e-20	1065.75	259.678	37.6582	0.0	
-7.07098e-21	3076.03	-41.8632	85.2677	0.0	
-9.27588e-21	-593.088	410.88	-137.045	0.0	
1.8123e-20	-762.831	-623.924	-91.4264	0.0	
-1.98987e-20	-471.624	1124.24	201.319	0.0	
6.54682e-21	347.962	-260.638	-381.213	0.0	
5.11676e-21	-136.747	-86.9574	204.349	0.0	
9.67883e-21	-376.812	-102.586	136.923	0.0	
-6.05461e-21	1114.01	-980.931	-26.6445	0.0	
5.58357e-21	-627.633	762.472	12.5582	0.0	
-5.17214e-21	786.233	732.044	321.414	0.0	
1.30565e-20	-1845.9	-2093.42	-283.195	0.0	
-2.85626e-20	-1136.14	-217.234	115.52	0.0	
-8.51521e-22	-1216.81	116.791	-179.298	0.0	
1.97845e-20	-1561.34	442.816	299.821	0.0	
-1.17477e-20	-825.69	129.324	-262.482	0.0	
-4.20422e-21	12.6717	659.148	-183.915	0.0	
1.34756e-20	516.776	461.277	89.5296	0.0	
4.26029e-21	191.317	-487.774	-290.974	0.0	
1.29295e-22	1149.74	90.424	-169.156	0.0	
1.50904e-20	-405.662	35.197	123.179	0.0	
-1.70052e-20	-1915.48	681.704	290.333	0.0	
1.81067e-21	-608.835	-366.997	169.496	0.0	
1.02915e-20	291.075	598.342	305.746	0.0	
1.03912e-22	175.749	-1120.46	-507.189	0.0	
-2.67019e-20	143.859	159.25	-418.557	0.0	
-1.28427e-20	33.3475	-414.79	-121.046	0.0	
1.82685e-21	562.224	31.0201	19.8844	0.0	
6.72524e-21	87.4652	242.955	-158.218	0.0	
-5.35158e-22	169.878	-558.859	-23.1386	0.0	
-1.64617e-21	-426.742	97.9246	61.9954	0.0	
8.94175e-21	52.6812	-125.955	-76.6743	0.0	
9.85521e-21	-81.022	-38.116	-214.367	0.0	
7.11185e-21	688.989	181.778	37.8828	0.0	
-8.5633e-21	377.18	-47.2939	285.652	0.0	
9.60159e-21	280.382	290.963	-176.966	0.0	
-4.54328e-21	96.6453	222.539	-81.3087	0.0	
-1.68379e-22	-408.054	-158.558	-89.3673	0.0	
-1.44275e-20	0.537831	272.552	102.663	0.0	
-2.37133e-20	-17.2236	-362.076	-53.986	0.0	
1.2841e-20	-76.4133	-24.4803	108.365	0.0	
-3.59041e-21	-415.059	-106.42	171.445	0.0	
3.78619e-20	32.7574	-191.946	-126.313	0.0	
-1.08736e-20	143.729	63.459	-163.732	0.0	
5.43982e-21	680.642	-31.7605	104.482	0.0	
2.89077e-20	-254.009	78.9236	-165.58	0.0	
-2.00479e-21	230.904	-354.512	-64.929	0.0	
1.94702e-21	22.5153	202.42	54.9703	0.0	
9.10328e-21	-129.475	-599.403	-62.1812	0.0	
-3.07114e-21	-63.9353	338.807	162.11	0.0	
-2.6766e-20	-215.39	383.165	-141.047	0.0	
-2.8534e-20	-743.731	471.717	350.026	0.0	
-2.08321e-20	322.204	134.22	-203.256	0.0	
1.58802e-20	104.078	256.382	-22.9278	0.0	
2.35554e-20	-99.2662	458.317	-134.548	0.0	
3.91036e-20	-194.455	261.601	-174.574	0.0	
9.35774e-21	349.109	378.143	64.0726	0.0	
6.07941e-21	-179.998	-644.347	-127.973	0.0	
-1.58281e-20	172.752	-429.736	-27.5593	0.0	
-1.31006e-20	147.321	752.81	237.249	0.0	
9.31661e-21	132.844	57.6231	-393.998	0.0	
-1.22049e-20	-435.392	-106.341	-200.685	0.0	
4.16999e-21	-444.79	-339.545	-93.1811	0.0	
1.11782e-20	-94.1948	-135.057	52.2891	0.0	
-1.13972e-20	9.10799	721.842	260.539	0.0	
2.20563e-20	18.4522	524.055	78.3671	0.0	
-2.23787e-20	248.901	88.7656	15.2293	0.0	
3.9603e-21	352.961	-310.131	231.118	0.0	
-8.73464e-21	-160.059	345.101	12.8077	0.0	
1.6556e-21	-578.226	357.217	4.23808	0.0	
3.76159e-21	-229.519	-59.1011	-244.27	0.0	
1.61672e-20	-3146.35	2597.51	-52.5942	0.0	
1.23033e-20	-5322.1	-3292.29	-288.679	0.0	
1.22016e-21	-1557.36	-1407.51	332.601	0.0	
2.27071e-21	-1241.79	-1345.73	191.956	0.0	
-1.79648e-20	1190.38	-1895.07	294.485	0.0	
-1.10854e-20	1338.41	1051.76	-86.9272	0.0	
-4.71027e-22	-1907.68	1438.43	-117.902	0.0	
-1.79286e-20	2129.44	-783.688	78.4812	0.0	
-8.58532e-21	4316.0	-1237.45	-392.025	0.0	
-1.12138e-20	561.241	-848.026	-191.291	0.0	
-2.12611e-20	-91.9514	1076.19	417.972	0.0	
1.81516e-20	1593.83	261.168	-183.105	0.0	
2.56717e-21	2227.45	488.448	144.085	0.0	
3.62504e-21	-1649.97	661.148	4.78905	0.0	
2.07231e-21	-1015.25	-107.3	218.078	0.0	
1.22554e-20	-710.039	1083.18	-36.5245	0.0	
-2.03018e-20	10055.9	855.791	-293.933	0.0	
-7.14846e-21	519.672	-856.177	316.198	0.0	
1.63545e-20	5410.21	986.406	243.901	0.0	
-3.21874e-21	-5394.15	521.056	-455.709	0.0	
8.05068e-21	-7118.86	330.217	148.992	0.0	
-2.59383e-20	-4665.32	-2527.62	-689.434	0.0	
2.10636e-20	-6212.99	-2588.55	-486.986	0.0	
-8.49177e-21	-2270.27	-34.4466	176.241	0.0	
8.01669e-21	178.151	592.188	50.117	0.0	
-1.29734e-20	-1143.77	-663.439	282.054	0.0	
-4.40275e-22	-609.361	-248.651	68.9348	0.0	
-3.39254e-20	-1468.81	1294.71	-11.128	0.0	
-8.1507e-21	-136.778	-522.679	-99.4376	0.0	
2.5918e-20	-1439.91	823.367	5.53111	0.0	
1.99895e-20	-596.535	2000.72	213.452	0.0	
1.03697e-20	1204.52	-166.219	-561.691	0.0	
-2.10107e-20	-927.087	-301.96	-278.984	0.0	
9.99329e-21	-1030.72	578.51	-150.262	0.0	
-1.2127e-21	1229.22	2041.95	407.375	0.0	
-9.00982e-21	-8.6248	75.6953	203.518	0.0	
1.09523e-20	-1920.04	1915.48	-351.772	0.0	
8.36474e-22	349.16	1820.29	-44.4693	0.0	
-1.98598e-21	200.686	292.782	-115.051	0.0	
2.94834e-21	-623.305	-295.015	307.994	0.0	
1.23565e-20	211.751	787.348	-168.16	0.0	
-1.32673e-20	2546.88	-961.199	-135.131	0.0	
9.47042e-21	1456.2	-317.649	-86.3907	0.0	
-2.42726e-20	563.813	-169.831	-53.4456	0.0	
-8.71086e-22	798.747	-135.665	259.886	0.0	
3.37573e-20	-494.368	-502.789	89.2341	0.0	
-2.81545e-20	771.305	1188.3	97.4583	0.0	
-2.10784e-20	-348.099	-827.808	124.188	0.0	
3.84166e-21	-641.718	-1220.41	137.623	0.0	
-9.03013e-21	-225.901	-405.414	-311.104	0.0	
-3.87122e-20	-18.5702	201.882	-115.472	0.0	
-5.48411e-21	-67.2625	-513.077	-112.052	0.0	
1.62178e-21	192.595	137.566	-290.857	0.0	
-3.81789e-22	312.519	-209.613	-26.9987	0.0	
1.46437e-20	2296.84	-2256.41	-122.355	0.0	
2.83404e-20	-1869.1	-550.7	22.3824	0.0	
-6.13014e-21	-0.990026	832.363	-190.7	0.0	
-2.19087e-20	-3527.08	-72.0452	-8.20197	0.0	
7.34202e-22	-2213.1	-357.056	229.96	0.0	
-5.89155e-21	3206.07	-283.099	-41.2724	0.0	
-3.28562e-20	3576.32	-1450.35	17.5414	0.0	
1.11342e-20	92.3867	1134.59	-69.8984	0.0	
-1.26394e-20	1470.62	-1165.96	-53.541	0.0	
-1.7151e-20	573.003	-564.616	61.9137	0.0	
-1.39453e-20	564.098	-781.523	-349.888	0.0	
1.69141e-20	-627.976	832.268	293.536	0.0	
-1.26424e-20	76.2888	320.78	-374.305	0.0	
-1.62436e-20	-470.556	-220.755	-275.92	0.0	
8.41022e-21	941.638	-146.271	-19.1467	0.0	
9.81091e-21	1190.05	-263.695	-401.043	0.0	
-4.94669e-21	950.567	447.066	347.275	0.0	
-2.01074e-20	-1529.9	393.733	36.8985	0.0	
2.61267e-21	185.513	-678.099	-171.397	0.0	
1.34605e-20	-911.622	908.515	-2.483	0.0	
1.7561e-22	-799.473	-337.42	-247.051	0.0	
-1.60707e-20	-1551.85	-658.43	74.4477	0.0	
1.85389e-20	573.13	-297.182	117.787	0.0	
9.81072e-21	230.755	371.043	-43.7277	0.0	
1.3793e-21	1941.46	338.575	-114.244	0.0	
1.05171e-20	301.645	-56.8083	150.94	0.0	
-4.02751e-21	-222.307	-328.131	76.2644	0.0	
2.08105e-20	402.898	195.273	-103.511	0.0	
7.43365e-21	-234.82	-36.7733	-69.2115	0.0	
-8.47522e-21	-259.313	-101.461	-66.2497	0.0	
-5.82022e-21	3109.17	9.94177	-215.926	0.0	
5.95305e-21	4060.97	824.876	-200.882	0.0	
-1.96479e-22	2604.61	1485.73	15.348	0.0	
1.20393e-20	-741.994	-1521.9	116.892	0.0	
1.25528e-20	-1884.36	-124.422	97.1251	0.0	
3.13921e-21	6041.18	1147.19	118.89	0.0	
-1.42457e-20	-609.346	1348.98	100.011	0.0	
3.70812e-21	2894.83	917.859	-100.716	0.0	
3.91597e-20	4322.63	-152.006	-253.255	0.0	
7.06929e-21	619.824	1569.67	661.977	0.0	
1.62501e-20	3648.0	-867.824	-296.998	0.0	
7.09977e-22	-2066.44	-821.944	640.286	0.0	
8.63492e-21	124.072	-1102.35	-150.491	0.0	
-1.29482e-20	2719.25	671.105	-171.618	0.0	
-3.81434e-21	-1515.79	-522.858	-89.1075	0.0	
1.68597e-21	-1017.24	1541.82	-57.0656	0.0	
-1.90933e-20	786.019	120.458	326.196	0.0	
8.16621e-21	-294.822	-269.604	-232.391	0.0	
1.75875e-21	471.174	-523.413	-253.623	0.0	
-1.47181e-20	306.508	-796.274	104.69	0.0	
1.15604e-20	440.972	-266.57	-169.491	0.0	
9.35529e-21	-184.776	235.741	223.29	0.0	
-1.30282e-20	-411.726	563.33	127.284	0.0	
4.31786e-21	-317.424	-43.9319	-458.15	0.0	
3.39334e-20	-1048.06	109.509	-135.456	0.0	
-3.11671e-20	1029.14	57.3858	16.8438	0.0	
-6.41015e-21	-336.862	938.167	51.8198	0.0	
2.13748e-21	197.298	-354.832	16.0796	0.0	
1.1266e-20	-1568.41	681.943	-35.7673	0.0	
1.68564e-22	-1286.34	-544.315	117.373	0.0	
3.77692e-20	-240.694	-603.572	269.767	0.0	
2.46875e-20	1567.79	561.322	-8.44251	0.0	
-9.13756e-22	-673.555	577.752	532.41	0.0	
-1.88875e-20	1100.92	-898.489	139.05	0.0	
1.66302e-20	-449.504	-233.168	447.808	0.0	
1.82704e-21	-512.407	175.83	-155.978	0.0	
1.16371e-21	2196.06	217.29	192.109	0.0	
1.7969e-20	1821.27	-166.495	68.1284	0.0	
1.08061e-20	-3679.07	-33.6103	187.123	0.0	
-1.27877e-20	-2393.48	123.497	-233.103	0.0	
1.53938e-20	1039.14	-524.012	310.466	0.0	
7.21788e-21	-1965.78	990.741	340.058	0.0	
-2.39372e-20	-770.74	121.882	-97.7404	0.0	
1.38786e-20	-1419.68	186.419	152.235	0.0	
-3.68969e-21	748.653	89.7225	290.602	0.0	
-1.49325e-20	1365.75	-1341.66	269.61	0.0	
-7.51437e-21	352.104	-453.593	0.943224	0.0	
-2.57083e-20	-110.493	-341.212	-183.487	0.0	
3.55144e-20	-84.3164	-51.8438	-229.709	0.0	
1.89202e-20	1020.84	484.65	39.1641	0.0	
-1.03231e-21	456.11	714.6	-22.0039	0.0	
-2.55193e-20	1069.96	1020.76	-301.546	0.0	
-1.13241e-20	-1990.96	1080.34	-259.293	0.0	
1.86795e-20	-256.071	-780.909	234.749	0.0	
-1.19181e-20	-442.591	-1003.89	297.638	0.0	
-8.45476e-21	-131.332	871.036	-268.016	0.0	
1.87777e-20	-924.622	427.419	26.7289	0.0	
1.61856e-21	-1941.76	879.57	-24.4051	0.0	
-1.79174e-20	1770.25	423.486	170.985	0.0	
-1.52171e-21	-1348.42	1619.91	125.936	0.0	
1.10513e-20	1043.52	-1293.15	-118.94	0.0	
-8.41016e-21	-1062.57	749.617	-29.1802	0.0	
9.44779e-21	-274.724	1630.33	-33.0703	0.0	
1.65089e-21	-1096.72	1052.62	33.5358	0.0	
5.37425e-21	2341.81	999.596	-237.697	0.0	
-2.29316e-20	-584.542	-787.884	-81.412	0.0	
-7.21815e-21	4047.51	-971.399	-201.251	0.0	
-7.29536e-22	-1320.78	-1533.74	-367.639	0.0	
-3.69601e-21	-4919.36	213.051	-361.029	0.0	
-6.36407e-21	2080.42	1179.9	108.574	0.0	
7.27186e-21	-448.591	-418.556	544.695	0.0	
1.3845e-20	88.3708	825.989	665.292	0.0	
-1.11425e-20	-509.919	-937.57	-141.399	0.0	
1.63293e-20	-2149.43	113.316	110.262	0.0	
-3.13535e-20	-1726.71	-1452.93	240.361	0.0	
2.52563e-21	-392.696	136.202	-100.729	0.0	
1.03502e-20	-220.089	-54.8346	-224.779	0.0	
-2.4959e-21	-272.015	-553.729	-118.448	0.0	
-7.11832e-21	96.9124	-166.012	-139.287	0.0	
1.50871e-20	-1043.23	195.643	-63.3862	0.0	
7.34914e-21	292.407	68.2601	417.307	0.0	
7.31681e-22	1262.14	-553.267	-280.104	0.0	
-2.06576e-20	-1003.93	243.985	-350.995	0.0	
7.17776e-21	-323.862	-429.654	-272.516	0.0	
9.24639e-21	323.116	-705.045	-334.857	0.0	
2.53725e-20	1051.31	-838.679	-100.366	0.0	
1.04684e-20	673.333	-926.025	-1.56609	0.0	
2.45638e-20	-162.964	354.345	-81.0875	0.0	
1.44604e-20	644.133	268.373	-65.9144	0.0	
-1.32259e-20	304.097	117.603	169.333	0.0	
-3.91536e-21	-617.754	272.495	-170.353	0.0	
1.41436e-20	495.406	193.062	-151.802	0.0	
4.6984e-21	418.231	721.442	-131.25	0.0	
-7.49508e-21	146.109	655.612	24.4946	0.0	
-4.33761e-21	-611.501	768.775	223.486	0.0	
-1.57876e-23	-194.173	26.2608	-3.87622	0.0	
-1.67066e-21	-922.239	-23.0701	-15.2292	0.0	
4.8479e-21	2.99909	1007.23	370.859	0.0	
2.09972e-20	-156.066	-144.559	206.902	0.0	
7.74411e-21	-206.747	848.424	-77.3768	0.0	
-6.79158e-21	-734.58	334.583	216.014	0.0	
1.84217e-20	-1440.77	163.137	33.8191	0.0	
-1.98655e-20	-737.192	-395.023	82.5242	0.0	
1.93269e-20	2667.9	-479.282	-48.0111	0.0	
-3.56925e-21	-2105.37	207.564	-167.318	0.0	
-3.60804e-21	-185.456	-164.585	145.994	0.0	
-8.51986e-21	-68.4411	804.596	475.107	0.0	
1.05689e-20	528.908	309.262	-351.443	0.0	
2.01713e-20	3012.28	-1109.65	112.362	0.0	
9.54039e-21	-673.969	-1121.46	-404.475	0.0	
9.199e-21	-205.535	1349.73	172.083	0.0	
3.91996e-21	577.482	654.268	-31.6441	0.0	
1.26936e-20	855.814	104.265	124.351	0.0	
2.62161e-21	548.77	784.313	227.226	0.0	
-1.22461e-20	835.31	599.806	-142.29	0.0	
-1.43496e-20	-635.124	-158.526	-513.354	0.0	
-2.87963e-21	-1123.62	896.672	-290.101	0.0	
-1.55785e-20	-992.263	907.594	-18.4785	0.0	
1.68651e-20	-757.837	445.714	238.057	0.0	
6.33089e-21	-1447.61	684.976	255.73	0.0	
-1.91692e-20	606.003	720.244	59.035	0.0	
-2.67034e-21	-3102.89	-284.898	160.032	0.0	
8.9829e-21	1879.52	-1113.15	-63.1386	0.0	
1.41807e-21	383.631	869.753	-160.089	0.0	
-1.33729e-20	1200.41	731.436	-12.335	0.0	
-1.90115e-20	105.144	987.48	-84.4413	0.0	
-2.20596e-21	137.801	-301.611	140.133	0.0	
8.12762e-21	-2109.63	-118.748	298.609	0.0	
8.33519e-21	-1366.44	-431.704	-16.9685	0.0	
-1.16389e-20	-696.151	-788.772	290.266	0.0	
-3.74788e-21	-463.534	-1367.17	-103.489	0.0	
-2.14225e-20	-144.066	-1137.31	-57.9812	0.0	
9.56828e-21	-497.082	58.4371	-99.0374	0.0	
-1.01353e-20	1653.66	110.722	-330.566	0.0	
1.8312e-20	848.131	-422.39	-157.106	0.0	
-2.68425e-20	1496.51	59.2572	-55.5475	0.0	
-1.73007e-20	374.701	-254.753	-367.034	0.0	
-6.7016e-21	-305.325	681.716	88.3549	0.0	
1.02159e-20	2313.51	787.872	199.868	0.0	
-1.32813e-20	-243.943	937.592	45.8686	0.0	
1.525e-20	2696.7	-267.497	119.07	0.0	
2.82051e-21	-615.972	-210.02	16.5078	0.0	
1.77767e-20	403.925	-1034.03	-22.6055	0.0	
6.93718e-21	1157.16	92.814	189.232	0.0	
-3.02605e-20	733.055	23.7367	519.087	0.0	
-1.27339e-20	1503.29	782.927	-2.10917	0.0	
9.31951e-21	-121.455	-77.3742	227.766	0.0	
-1.10026e-20	305.216	612.414	381.866	0.0	
1.76236e-20	203.065	129.517	-177.055	0.0	
-1.62977e-20	56.6424	563.25	-44.9853	0.0	
1.10972e-20	-570.209	391.75	32.237	0.0	
-2.32871e-20	1169.34	399.512	-221.93	0.0	
2.05506e-20	1099.69	131.561	-87.4085	0.0	
-2.32023e-20	1.37936	184.174	-14.7202	0.0	
3.06635e-20	467.591	-366.828	81.3848	0.0	
1.77611e-20	316.895	-324.526	-151.432	0.0	
1.15457e-20	-215.893	292.471	62.565	0.0	
-1.16445e-20	502.95	173.728	-7.11086	0.0	
1.14051e-20	-1120.03	-736.43	137.901	0.0	
1.91026e-20	100.403	76.4459	266.541	0.0	
-5.10397e-21	168.252	-276.983	-24.9237	0.0	
-3.43304e-20	-305.829	-260.3	115.899	0.0	
2.19977e-21	-94.1859	-61.9079	-178.531	0.0	
-8.69621e-22	211.667	994.414	-285.372	0.0	
5.19435e-21	-400.939	488.968	-197.467	0.0	
6.72844e-21	391.568	-260.294	-301.405	0.0	
1.91198e-20	176.898	-71.0554	12.3252	0.0	
9.61352e-21	517.132	692.545	-174.87	0.0	
3.99123e-21	-76.0998	-188.386	-143.311	0.0	
2.45592e-20	-605.485	61.3385	-342.645	0.0	
-1.02519e-20	-387.501	-155.102	-87.759	0.0	
2.3377e-20	-299.902	-414.187	196.691	0.0	
2.38496e-20	-66.042	-822.32	17.75	0.0	
-9.15672e-22	-623.628	52.8424	-97.5982	0.0	
4.20356e-22	-247.918	344.233	97.8751	0.0	
-4.98434e-21	563.041	-179.796	9.30076	0.0	
1.27437e-20	336.967	-450.16	-47.0724	0.0	
-1.21917e-20	-571.048	525.296	-103.952	0.0	
-2.15969e-20	-386.299	113.472	17.1603	0.0	
1.91331e-21	406.706	-21.3608	-115.379	0.0	
-7.01439e-21	372.119	-161.39	-148.751	0.0	
-2.17605e-21	385.83	97.9925	520.189	0.0	
3.23721e-21	596.129	-454.388	96.1494	0.0	
-2.43434e-20	-1816.43	-473.07	-283.652	0.0	
1.2026e-20	85.5332	-926.645	288.198	0.0	
-6.76826e-21	-804.387	249.167	130.735	0.0	
-2.21704e-21	1827.56	-515.374	175.075	0.0	
8.78051e-21	2783.58	196.617	367.029	0.0	
9.46041e-21	81.0627	13.9466	82.1777	0.0	
-2.01133e-20	-413.521	385.709	-0.583498	0.0	
-8.36899e-21	84.5581	415.32	236.754	0.0	
-2.79633e-20	502.625	283.146	-92.0773	0.0	
-8.92655e-21	353.956	-360.881	-32.8723	0.0	
-1.99369e-20	-600.157	135.177	-162.589	0.0	
-2.06268e-21	-971.781	616.329	-98.4139	0.0	
8.35963e-21	-272.169	694.238	-114.425	0.0	
-1.11066e-20	862.779	-853.69	-287.706	0.0	
2.13202e-20	-1833.76	-106.634	-19.2246	0.0	
-1.83901e-21	1101.86	1592.19	29.8309	0.0	
-2.19841e-20	425.181	502.26	104.208	0.0	
1.10647e-20	1762.02	-319.056	151.583	0.0	
-9.66821e-21	230.256	306.119	89.8756	0.0	
4.57424e-21	260.91	972.313	-89.1944	0.0	
1.68462e-20	-708.465	587.015	-112.109	0.0	
2.07757e-20	488.254	-322.951	121.407	0.0	
-1.77691e-20	3611.19	-273.896	-49.2576	0.0	
4.07763e-23	-134.808	-424.28	-66.3956	0.0	
-5.53398e-21	-716.219	-952.533	-228.924	0.0	
-3.93062e-21	449.979	-1079.89	-280.217	0.0	
1.41143e-21	354.196	-274.099	-388.09	0.0	
2.5232e-20	31.319	345.011	-178.277	0.0	
-1.59034e-20	1440.61	-88.0038	65.7297	0.0	
4.14199e-21	19.6414	-195.348	-37.8713	0.0	
6.22485e-21	437.389	-327.604	-320.159	0.0	
2.15282e-20	1424.46	635.385	210.301	0.0	
-2.11071e-20	-931.292	-485.166	77.9971	0.0	
-2.58485e-20	-392.146	-870.3	-221.306	0.0	
3.21349e-20	-1060.27	1031.53	217.057	0.0	
-8.05211e-21	-909.545	-577.014	425.134	0.0	
1.89424e-20	-703.348	476.431	169.266	0.0	
6.88247e-21	-737.249	716.907	122.392	0.0	
-4.46739e-22	287.183	-398.156	35.2451	0.0	
6.61216e-21	1322.67	-263.209	-196.381	0.0	
2.36821e-21	1298.32	687.526	110.458	0.0	
-3.5253e-20	-77.1236	79.5294	128.408	0.0	
-1.84163e-20	-214.288	917.987	48.2261	0.0	
-2.36187e-20	829.688	-341.568	473.556	0.0	
3.58053e-20	372.747	289.766	143.502	0.0	
2.27961e-20	434.557	-3.28722	187.952	0.0	
-1.93279e-20	-98.1634	85.101	230.823	0.0	
2.43892e-20	276.501	-121.324	-176.654	0.0	
-9.66926e-22	327.656	-148.873	141.321	0.0	
1.55789e-20	586.489	878.853	62.7062	0.0	
-3.0693e-21	877.983	664.118	46.9996	0.0	
-2.47902e-20	688.939	-584.807	113.989	0.0	
3.4562e-21	1126.0	242.906	305.078	0.0	
2.35184e-20	354.909	947.05	-211.699	0.0	
7.21517e-21	-504.837	587.77	260.094	0.0	
2.75041e-20	-568.469	439.481	-21.3546	0.0	
-3.45777e-21	185.826	-262.253	80.7446	0.0	
1.94179e-20	458.897	-207.092	-276.671	0.0	
-2.33568e-20	159.018	610.591	79.9933	0.0	
-1.80723e-21	-373.242	90.8799	-123.746	0.0	
-1.89736e-21	-51.3223	395.022	-40.933	0.0	
2.44434e-20	-505.848	-272.273	-200.579	0.0	
-1.53258e-20	493.628	1309.56	-53.7049	0.0	
-1.73667e-20	-23.8666	297.566	-37.2623	0.0	
-2.81595e-21	708.915	-752.912	256.723	0.0	
3.05088e-22	2963.99	-520.718	-231.938	0.0	
-1.39042e-20	-2064.78	404.238	226.076	0.0	
1.42994e-21	-4687.42	1603.17	-24.4628	0.0	
-8.31682e-21	-2254.3	869.782	-362.303	0.0	
8.12141e-21	-707.281	1746.66	-358.645	0.0	
-1.35178e-21	-3382.29	-1442.32	-30.656	0.0	
3.19237e-21	-2020.75	-1459.11	-365.509	0.0	
-2.19326e-20	382.952	281.22	-541.658	0.0	
3.20911e-21	-226.757	-865.84	-158.309	0.0	
1.52546e-20	-2353.63	-1022.88	-465.598	0.0	
-1.54038e-21	847.851	-203.817	494.275	0.0	
-1.49923e-20	-984.818	276.883	89.8327	0.0	
1.17014e-20	378.61	2081.02	145.545	0.0	
-2.29945e-22	579.801	855.437	-244.601	0.0	
-1.12274e-21	-4097.69	-439.137	-163.33	0.0	
1.21469e-21	2347.36	-494.672	575.628	0.0	
-6.70146e-21	651.194	196.16	-122.737	0.0	
-1.92399e-20	547.808	-761.939	-98.9559	0.0	
-7.59026e-21	594.405	661.747	-250.281	0.0	
1.25659e-20	661.849	149.987	-309.317	0.0	
2.57386e-20	576.338	-419.959	331.304	0.0	
-3.86344e-21	-682.4	-159.126	76.5103	0.0	
1.85385e-20	509.665	178.511	-28.3836	0.0	
-2.92912e-21	-420.974	-581.835	-322.294	0.0	
3.56348e-21	548.625	47.1458	-124.639	0.0	
1.29567e-20	1132.27	195.287	197.083	0.0	
-2.10391e-20	397.163	444.181	73.5547	0.0	
-3.54689e-21	-369.012	461.101	-414.941	0.0	
-2.37242e-20	-231.041	-998.924	424.813	0.0	
2.19383e-20	-19.9384	-32.7841	-181.515	0.0	
4.38245e-21	3020.45	309.658	309.448	0.0	
6.23074e-21	68.0641	-999.008	61.8087	0.0	
-1.45385e-20	-803.817	745.52	-166.065	0.0	
9.01225e-21	948.469	851.156	117.641	0.0	
-2.21227e-20	467.001	-1113.82	226.58	0.0	
-5.87315e-21	-559.766	4.00797	-115.822	0.0	
-7.80824e-21	-736.386	199.433	184.417	0.0	
-1.48423e-21	-526.452	-727.025	-158.854	0.0	
-1.82854e-20	1193.4	410.505	-47.9578	0.0	
-9.08693e-21	155.394	-156.71	41.4431	0.0	
-1.0981e-20	1007.7	136.126	113.38	0.0	
5.64606e-22	2456.87	-412.49	-49.1248	0.0	
-1.03597e-20	1416.07	633.708	74.7858	0.0	
1.39992e-20	-1193.79	111.347	624.551	0.0	
-1.38105e-20	-792.409	-117.433	-261.1	0.0	
1.25803e-20	-529.499	147.166	153.725	0.0	
-2.31017e-20	96.6219	1279.55	-76.9278	0.0	
-1.39326e-20	641.387	-627.444	-184.774	0.0	
1.39184e-20	-155.206	-66.2349	139.248	0.0	
4.15171e-21	-1237.69	-55.8548	-316.739	0.0	
7.65945e-21	413.635	596.025	-22.9584	0.0	
-1.302e-20	171.46	312.811	488.754	0.0	
6.42846e-23	-981.605	350.47	-118.27	0.0	
-2.02858e-21	687.04	78.9034	-274.148	0.0	
-6.60039e-21	678.725	561.622	39.0664	0.0	
9.33753e-21	2896.52	-112.748	-242.461	0.0	
-1.47407e-20	700.699	73.3469	51.6793	0.0	
-8.16185e-21	2113.12	585.023	-334.709	0.0	
-1.56662e-20	1490.14	159.976	-275.092	0.0	
1.03899e-21	997.197	-1060.03	282.749	0.0	
-9.93876e-21	1564.04	-11.3387	46.7773	0.0	
-3.30098e-21	344.46	-3.81821	379.443	0.0	
-1.23201e-20	-1308.17	-1113.9	-258.6	0.0	
-6.70055e-21	4.42339	288.958	-122.321	0.0	
2.08164e-20	-208.36	616.42	129.406	0.0	
-2.02542e-20	276.526	-42.2576	91.714	0.0	
-2.96219e-21	588.941	-408.997	-199.212	0.0	
8.31918e-21	-143.551	1016.39	208.822	0.0	
-1.28788e-20	1187.69	-437.037	-471.515	0.0	
-7.87841e-21	-1080.84	277.468	258.711	0.0	
-1.27977e-21	444.333	-912.964	-265.658	0.0	
1.57786e-20	307.51	761.313	-201.929	0.0	
-4.53466e-21	445.968	-328.577	48.2024	0.0	
-2.09329e-20	-713.831	7.80472	-34.9241	0.0	
5.68728e-21	-1331.78	283.579	154.675	0.0	
-1.12743e-20	-1298.07	885.48	2.45826	0.0	
8.00312e-21	-0.947774	888.315	-364.866	0.0	
-1.0873e-21	-1284.96	-143.68	-97.0602	0.0	
-2.29414e-20	-296.534	642.902	233.014	0.0	
-4.5565e-22	-508.009	-234.07	36.4234	0.0	
-1.74661e-20	1996.72	831.966	109.698	0.0	
-1.24129e-20	-465.279	-1589.78	-100.199	0.0	
1.10183e-20	-1157.09	313.867	-93.2771	0.0	
-2.92349e-20	827.028	584.443	248.542	0.0	
1.22472e-20	-76.7612	1360.97	154.098	0.0	
2.61849e-21	1044.84	238.522	-86.2054	0.0	
1.40889e-20	-1030.25	-190.038	-62.9078	0.0	
2.79649e-21	-1512.19	366.336	64.0897	0.0	
-1.52552e-20	1544.02	-979.957	-32.0597	0.0	
5.53914e-21	-196.524	-1474.22	352.998	0.0	
2.11833e-20	-1468.34	673.773	-338.021	0.0	
1.01708e-20	1152.19	1594.5	-4.41173	0.0	
-1.65752e-20	-1345.96	696.53	92.0484	0.0	
-4.35313e-21	-1100.35	968.834	13.9073	0.0	
1.17147e-20	-402.382	-557.459	-232.866	0.0	
1.74278e-20	2087.54	869.805	187.659	0.0	
9.30178e-21	-34.0199	289.363	-267.909	0.0	
-9.92623e-21	726.03	94.9773	46.8861	0.0	
-1.37112e-20	247.164	-511.001	-249.752	0.0	
2.06607e-20	803.552	173.777	-141.192	0.0	
1.49814e-20	108.72	147.053	-23.6281	0.0	
1.19244e-20	-381.487	250.99	-156.882	0.0	
2.10837e-20	-229.023	-16.7901	159.046	0.0	
-1.44413e-20	-257.034	-492.222	199.984	0.0	
2.61664e-20	-547.744	-361.499	-161.095	0.0	
-4.38256e-21	150.617	679.053	41.9977	0.0	
4.07465e-21	-1026.73	421.702	-48.7713	0.0	
-8.92744e-21	153.573	-186.825	-113.057	0.0	
-3.29071e-20	236.821	353.117	154.051	0.0	
1.88527e-20	977.877	-211.113	251.153	0.0	
-1.75289e-20	-663.857	50.9501	356.385	0.0	
1.97634e-20	161.564	-150.86	-326.805	0.0	
-1.21415e-20	-809.573	464.666	206.179	0.0	
-1.98251e-20	-474.024	-56.3781	99.9239	0.0	
-1.07902e-20	218.463	266.38	-34.3083	0.0	
-9.9402e-21	586.038	433.941	-12.9425	0.0	
2.96279e-20	-1061.73	-174.483	-117.918	0.0	
-3.2512e-21	20.1883	-939.86	-92.3241	0.0	
1.2347e-21	-1379.37	-348.919	-220.104	0.0	
7.22469e-21	1654.54	-226.703	338.429	0.0	
-1.01245e-20	760.69	423.156	113.916	0.0	
-7.67585e-21	-942.5	-592.188	12.4781	0.0	
1.33978e-20	430.666	393.437	-82.2983	0.0	
-4.10636e-22	601.627	510.223	-85.9741	0.0	
5.65024e-23	355.283	-260.157	122.28	0.0	
-2.78921e-21	326.103	89.3747	232.113	0.0	
-2.12137e-20	-1904.04	187.395	-146.248	0.0	
-5.54364e-23	-1216.19	-1423.45	-293.704	0.0	
6.24319e-22	-728.987	75.0813	-249.293	0.0	
1.1733e-20	875.021	81.6975	-311.819	0.0	
-1.30569e-20	-1184.72	683.905	-54.6157	0.0	
1.51478e-20	613.711	701.931	122.987	0.0	
-9.43281e-21	-1760.83	2040.05	200.413	0.0	
8.50919e-22	-2781.66	-182.076	-467.15	0.0	
1.29155e-20	-3369.52	-600.129	-73.8969	0.0	
-1.47824e-20	312.543	1042.54	-311.108	0.0	
7.2032e-21	293.885	-899.002	-154.393	0.0	
-2.88213e-21	1045.91	-404.24	-166.289	0.0	
-1.88124e-21	313.097	-1189.55	-32.7401	0.0	
-8.64632e-21	103.483	-164.399	49.9544	0.0	
-7.42326e-21	407.567	-1254.33	227.831	0.0	
-7.48368e-21	174.427	-304.656	-338.949	0.0	
-1.72696e-21	-303.152	270.355	128.137	0.0	
2.07466e-20	883.373	-71.9589	-140.91	0.0	
3.10082e-21	-1577.19	-131.759	-4.2358	0.0	
-2.41779e-21	-18.6407	213.59	28.8091	0.0	
-5.17316e-21	-184.527	-931.481	137.415	0.0	
1.44632e-20	42.6762	579.369	346.917	0.0	
-5.59057e-21	-477.165	-331.585	-296.527	0.0	
-8.97804e-21	69.9121	-316.301	70.9326	0.0	
4.51475e-21	116.779	145.431	-98.3954	0.0	
-7.18739e-21	159.924	-367.655	-360.427	0.0	
1.26319e-20	-688.128	-697.081	-111.949	0.0	
1.74935e-20	-1320.93	112.137	191.682	0.0	
-8.70038e-22	95.3168	-259.611	-37.0121	0.0	
2.51911e-20	171.838	-167.608	-61.4424	0.0	
-6.92531e-21	-366.197	-474.145	-402.642	0.0	
1.3215e-21	198.836	172.724	-179.958	0.0	
9.05695e-21	573.648	346.3	-266.238	0.0	
-1.58083e-20	282.781	-255.605	-293.97	0.0	
2.57867e-21	-789.938	320.305	-122.012	0.0	
7.48603e-21	-1046.41	593.947	421.749	0.0	
1.06758e-21	-350.177	-661.551	203.513	0.0	
-1.2692e-20	214.309	-329.354	-215.16	0.0	
1.95724e-21	1098.16	76.2418	406.713	0.0	
2.09796e-20	1192.23	669.12	-228.0	0.0	
-3.06094e-20	-1023.5	-430.489	-288.258	0.0	
6.45305e-21	-299.886	681.82	135.741	0.0	
1.06348e-20	-158.121	347.819	-298.349	0.0	
1.4343e-21	-823.67	-1145.78	17.1984	0.0	
-2.58259e-20	-106.8	-364.966	-164.9	0.0	
-1.28426e-20	617.601	-857.904	-76.5847	0.0	
-3.3523e-21	-491.088	476.883	41.7864	0.0	
1.21859e-20	303.497	-31.7764	184.602	0.0	
-1.15873e-20	78.1622	299.962	-72.7865	0.0	
8.50056e-21	836.463	-454.616	98.1719	0.0	
-2.63161e-20	-293.302	118.877	455.165	0.0	
-1.13306e-20	775.639	-540.943	169.774	0.0	
8.85871e-21	321.863	-676.208	-3.73775	0.0	
1.75302e-20	505.567	-324.072	-145.902	0.0	
-1.01582e-20	194.962	630.9	-316.965	0.0	
2.35857e-20	315.151	307.43	125.71	0.0	
4.60932e-21	729.622	269.463	-69.0194	0.0	
-3.18689e-20	542.374	237.54	71.6211	0.0	
6.33921e-21	-1460.41	-519.299	-106.755	0.0	
1.3863e-20	409.629	-440.018	-228.31	0.0	
-1.88752e-20	-849.642	60.4311	-109.536	0.0	
2.39973e-20	-198.015	20.2942	-112.665	0.0	
-4.85191e-21	536.002	-56.075	47.2307	0.0	
7.19699e-21	120.061	17.0852	-17.3386	0.0	
-6.44101e-21	563.2	859.829	-306.225	0.0	
-9.22987e-21	-388.889	-292.347	-305.114	0.0	
-4.19035e-21	811.449	410.295	-371.19	0.0	
1.40353e-22	-81.3057	35.0309	-126.434	0.0	
1.10477e-20	-758.463	-107.988	29.753	0.0	
-2.59601e-20	1256.89	-790.285	-225.529	0.0	
2.89811e-20	1223.78	99.6106	363.859	0.0	
-2.97333e-20	680.442	-34.538	328.157	0.0	
3.25429e-21	677.81	-547.061	53.7596	0.0	
-2.62148e-21	209.881	-774.516	13.4361	0.0	
1.95527e-20	-823.942	-1218.55	-170.722	0.0	
-3.3175e-21	-33.9701	322.405	146.704	0.0	
2.33691e-21	857.328	101.498	-23.8201	0.0	
-1.85899e-20	477.304	463.318	186.974	0.0	
1.46737e-20	365.952	-683.359	-58.3586	0.0	
1.75565e-20	-342.425	-219.734	-122.446	0.0	
2.35421e-20	620.435	-154.73	108.35	0.0	
1.87246e-21	-519.329	704.699	29.5989	0.0	
1.88798e-20	903.503	-727.572	266.783	0.0	
1.03054e-21	768.572	-778.79	-84.6599	0.0	
-3.1055e-20	1200.51	-16.6249	-211.34	0.0	
-1.8894e-20	-959.101	1102.41	-30.4095	0.0	
3.59572e-21	325.478	38.8069	-164.932	0.0	
3.74866e-20	-258.443	-1234.67	179.184	0.0	
2.26802e-21	-2016.85	-30.7686	-14.7968	0.0	
-7.49879e-21	-526.858	820.108	375.456	0.0	
2.50195e-21	426.634	-813.444	83.9209	0.0	
7.22191e-21	39.6395	137.243	42.1755	0.0	
-1.86054e-21	-772.116	769.841	-46.9191	0.0	
-8.65339e-21	-574.26	-172.476	-169.748	0.0	
1.60907e-20	897.86	-83.9321	-355.229	0.0	
-1.39587e-20	547.526	507.492	265.619	0.0	
2.442e-21	-147.242	156.254	-89.7814	0.0	
-1.38267e-20	-58.6068	718.214	45.7789	0.0	
7.20585e-21	-1055.58	-156.0	-30.8451	0.0	
5.29755e-21	-746.552	115.652	-5.83057	0.0	
-2.4534e-20	42.9326	130.791	322.0	0.0	
-8.94151e-21	575.529	185.111	-27.0359	0.0	
2.42595e-20	-68.4231	-186.502	21.8474	0.0	
-2.40684e-22	-573.309	39.6549	-145.379	0.0	
-2.41367e-21	401.675	120.922	-125.796	0.0	
1.09272e-20	649.281	-217.436	-198.5	0.0	
7.50298e-21	-234.618	-121.964	-273.631	0.0	
2.87698e-21	-529.497	363.0	43.4849	0.0	
5.88763e-21	51.8115	75.9899	158.793	0.0	
-4.11325e-21	544.595	-110.321	-79.0644	0.0	
2.79189e-20	313.943	-333.206	80.8267	0.0	
-2.11884e-20	-400.399	124.282	440.758	0.0	
-2.46565e-21	1147.07	-1478.48	170.838	0.0	
-4.11887e-21	507.57	-156.55	104.928	0.0	
3.50814e-20	-1079.13	-734.378	-191.399	0.0	
-3.74541e-20	1107.17	371.131	360.501	0.0	
-1.46002e-21	792.781	-568.968	-269.377	0.0	
2.90947e-22	176.381	-242.223	-279.745	0.0	
-1.13827e-20	-155.088	-166.058	62.008	0.0	
2.83275e-20	1910.08	-133.072	356.562	0.0	
-3.52584e-21	-1684.3	643.493	-72.1819	0.0	
2.10468e-20	1147.53	-528.328	-22.0947	0.0	
2.91069e-21	249.219	213.241	240.393	0.0	
2.13121e-20	-174.106	66.3032	124.836	0.0	
7.2093e-21	-388.06	649.05	8.18591	0.0	
-1.19641e-20	998.444	-291.479	251.514	0.0	
-7.80592e-21	138.488	72.71	-51.5078	0.0	
1.49017e-20	-77.9095	201.921	273.296	0.0	
-2.64474e-21	1115.85	912.245	20.2912	0.0	
2.25359e-20	272.424	751.727	467.936	0.0	
-2.17553e-20	-640.272	-187.164	-87.5388	0.0	
8.79895e-21	221.782	-400.528	13.1608	0.0	
2.87652e-20	-281.989	161.209	37.1151	0.0	
-7.08786e-22	-256.903	-65.9969	70.5908	0.0	
-4.18673e-21	-1071.24	-106.246	-20.9483	0.0	
-1.34003e-20	-1588.23	1118.13	-123.078	0.0	
2.83829e-21	1048.7	-335.563	-300.495	0.0	
-1.39335e-20	274.485	100.428	-4.24361	0.0	
1.05367e-20	-83.0707	1355.1	-114.85	0.0	
-1.85719e-20	-804.501	141.085	117.769	0.0	
1.21055e-20	206.264	301.881	-192.82	0.0	
-1.30683e-20	-99.3564	-106.729	250.016	0.0	
8.18126e-21	-935.974	-54.499	-262.884	0.0	
1.9954e-20	166.287	329.734	-104.684	0.0	
2.74061e-21	-18.9555	538.719	-58.8802	0.0	
-7.59126e-21	852.245	1000.66	111.459	0.0	
7.21425e-21	238.22	-159.782	173.605	0.0	
2.67776e-21	-567.851	6.21588	-94.0952	0.0	
-1.62409e-20	-442.232	305.614	4.89767	0.0	
-5.32846e-21	-393.97	-379.442	235.625	0.0	
3.89111e-21	-1074.98	144.875	59.0596	0.0	
-8.33873e-21	331.388	-189.32	-89.6194	0.0	
3.82575e-21	182.801	-354.122	-10.9176	0.0	
-1.22388e-20	661.376	-212.318	-151.959	0.0	
-5.88242e-21	-652.525	-148.874	93.202	0.0	
-9.71368e-22	-17.5665	624.156	272.418	0.0	
2.05816e-21	-710.158	349.955	-261.586	0.0	
8.07172e-21	-545.576	-230.217	-52.5729	0.0	
-1.17153e-20	-1383.65	-201.501	83.0373	0.0	
3.48487e-21	-2.90269	-539.601	-121.655	0.0	
2.40177e-21	-92.274	170.951	159.004	0.0	
1.69082e-20	367.224	-226.899	49.6072	0.0	
-1.03987e-20	-557.74	-783.542	-258.378	0.0	
-1.08575e-20	1169.21	-311.693	-373.544	0.0	
-3.38685e-21	-437.884	-562.335	-47.1831	0.0	
-1.93832e-20	-73.9811	129.671	-215.323	0.0	
1.1888e-20	1016.08	-240.036	22.678	0.0	
1.4759e-20	-725.23	21.7829	65.4281	0.0	
3.32874e-21	14.068	360.735	-330.704	0.0	
-2.60613e-20	27.4084	300.799	403.567	0.0	
-3.6389e-21	38.3239	338.367	-70.3242	0.0	
4.33557e-21	-18.3862	100.568	-476.447	0.0	
-6.38354e-21	-523.265	-47.7107	-42.6835	0.0	
7.86774e-21	131.252	12.5998	-279.969	0.0	
-3.33699e-21	482.95	-402.509	42.9205	0.0	
1.25147e-20	307.235	-407.929	63.2697	0.0	
-1.45135e-20	15.6133	-195.539	-282.918	0.0	
2.0667e-20	731.053	422.277	16.2457	0.0	
-3.34399e-20	415.89	403.216	357.916	0.0	
-5.68665e-21	580.259	-304.445	-111.289	0.0	
2.50275e-20	194.32	431.564	29.5217	0.0	
1.43407e-20	10.7786	-338.402	158.065	0.0	
8.63613e-21	1089.59	471.944	220.825	0.0	
2.21022e-20	242.329	-142.083	75.8029	0.0	
1.33849e-20	1377.08	-227.442	-91.6724	0.0	
-1.30712e-20	619.084	-86.6646	111.77	0.0	
1.84516e-21	-248.648	628.281	181.007	0.0	
2.36892e-21	448.231	191.975	-7.18583	0.0	
1.49424e-20	-886.352	831.943	110.261	0.0	
2.81572e-21	551.38	505.011	208.577	0.0	
-9.72249e-21	-809.655	-72.1732	17.3014	0.0	
-5.48328e-21	-59.4689	-73.0614	-113.134	0.0	
-1.8642e-20	-7.45147	-111.97	-58.9862	0.0	
7.60613e-21	50.4042	-147.468	91.2615	0.0	
-7.30544e-21	-150.858	13.1681	103.33	0.0	
-1.62269e-20	-909.579	-309.487	352.604	0.0	
2.43609e-20	-531.174	-436.472	336.971	0.0	
-1.29034e-21	-141.798	453.547	157.593	0.0	
1.00905e-20	-460.921	-270.142	28.9067	0.0	
-1.82826e-20	219.428	111.871	-264.115	0.0	
2.63819e-20	73.2142	-175.198	-78.623	0.0	
-2.89519e-21	-377.215	-94.9341	-164.527	0.0	
3.57945e-20	323.911	-205.437	49.2881	0.0	
-9.4559e-21	536.625	-517.83	46.1686	0.0	
2.33182e-21	248.358	-190.429	82.2088	0.0	
-1.79266e-20	371.167	130.59	95.6297	0.0	
1.46843e-20	711.251	-96.6771	-137.547	0.0	
-2.69638e-20	177.582	-222.727	-212.017	0.0	
6.62019e-21	392.293	-413.173	196.64	0.0	
-4.46023e-21	307.336	-258.945	-51.2446	0.0	
1.27156e-20	-679.944	-474.472	8.00092	0.0	
1.6231e-21	295.525	-493.955	-105.93	0.0	
-4.94023e-21	-150.691	-64.9518	-252.168	0.0	
-9.26652e-22	-673.65	-52.8143	-303.228	0.0	
-2.77181e-20	-188.39	-568.576	-362.094	0.0	
-4.82985e-21	-41.7936	202.144	94.753	0.0	
-1.18581e-20	639.065	9.60297	-1.77917	0.0	
-1.90582e-21	-763.938	442.694	-32.9533	0.0	
-4.44382e-22	50.8587	-92.415	-26.6839	0.0	
-4.68416e-21	916.946	-371.804	-385.466	0.0	
-8.35081e-21	1232.85	130.263	-2.67496	0.0	
-4.90021e-21	-561.141	-310.457	340.18	0.0	
1.86441e-20	202.62	-1055.18	-89.2238	0.0	
1.38631e-20	-469.93	-397.82	140.685	0.0	
1.88726e-20	313.855	359.048	159.162	0.0	
1.47378e-20	-375.953	-445.073	22.5884	0.0	
1.42786e-20	-35.1357	-54.8687	166.092	0.0	
-3.24925e-20	417.608	452.253	-166.732	0.0	
1.55249e-20	-399.51	-162.778	-151.447	0.0	
-1.3661e-20	1031.74	-93.9324	-13.6457	0.0	
1.98161e-20	-1048.0	-99.7351	-246.294	0.0	
-2.56703e-20	-1360.38	8.51723	-114.972	0.0	
-1.65858e-20	-639.357	172.617	238.311	0.0	
-1.3345e-21	71.5497	-283.558	306.393	0.0	
1.26429e-21	597.92	130.71	-185.718	0.0	
3.24388e-20	195.853	-500.027	-53.1617	0.0	
-1.99867e-20	861.451	-142.36	-310.547	0.0	
5.63053e-22	-216.934	164.911	-162.906	0.0	
8.88327e-23	659.51	471.077	251.136	0.0	
6.6314e-21	-635.12	164.092	-14.7257	0.0	
2.50606e-22	271.09	770.428	-175.919	0.0	
9.54022e-21	596.822	550.253	-304.931	0.0	
2.31402e-20	123.846	172.934	172.12	0.0	
-5.81107e-21	298.61	-31.22	-221.017	0.0	
-3.88034e-22	76.3082	-397.765	7.51629	0.0	
-1.32081e-20	-468.405	-530.912	82.3957	0.0	
1.62121e-20	648.143	898.592	83.8405	0.0	
3.48802e-20	-527.5	311.516	315.337	0.0	
6.88675e-21	-304.415	-99.3741	13.554	0.0	
-1.658e-20	385.578	4.72926	120.195	0.0	
1.15375e-20	426.292	-435.109	-122.651	0.0	
-2.18281e-20	-0.861656	204.94	18.926	0.0	
2.38438e-20	-73.1922	578.945	142.044	0.0	
3.13926e-21	662.772	-235.91	194.265	0.0	
